        tsp        |  l_spanning_tree  |    l_2_closest    |    l_1_closest    |  u_spanning_tree  |   u_greedy_path   |     combined      
    94079.54000         91591.19520         91477.93300         91188.44530         94249.15400         94340.37720         92863.54350     
    78227.81000         75713.20800         75884.76850         75374.30260         78376.82850         78369.59060         77130.79850     
    99236.50000         96110.16720         96378.94330         95737.65160         99465.19990         99465.19990         97922.07160     
    98851.08000         97033.75800         96790.16510         96627.60020         99122.63180         99019.38670         97956.39850     
    95190.52000         92606.51430         92599.69480         92197.09800         95439.35720         95426.00340         94019.52600     
    94566.99000         91749.90070         91931.41840         91396.71540         94763.88730         94882.14110         93347.65290     
    85334.98000         83206.70800         83127.29510         82832.56770         85472.40230         85498.24360         84299.84870     
    88301.72000         85339.54650         85368.40260         84891.57100         88528.61730         88549.32820         86948.50990     
    79428.65000         77659.93150         77479.78250         77305.63820         79536.88640         79536.88640         78508.33440     
    86850.13000         84181.00190         84158.80360         83800.70730         87052.43350         87052.43350         85605.61860     
    83820.12000         81409.72070         81454.77900         81047.35830         84067.82490         84062.28840         82761.30200     
    91486.75000         88820.99200         88990.93430         88460.10550         91677.47740         91805.30370         90334.20590     
    83643.18000         80551.96220         80626.59790         80117.45800         83800.63270         84037.13830         82213.61530     
    91697.42000         89247.22090         89245.45900         88859.68690         91826.20450         91851.83570         90535.83170     
    82318.09000         80094.47770         80209.85370         79760.04640         82447.55560         82457.66260         81328.70460     
    72892.62000         70945.45390         71047.29830         70652.15010         73121.63950         73220.67500         72084.46890     
    103324.53000        100396.03410        100309.39560        99943.73040         103536.82710        103613.01320        101923.11130    
    95089.94000         92540.63420         92351.81690         92097.18920         95313.13450         95382.54500         93832.47570     
    88169.72000         84474.35590         84992.33170         84075.43370         88455.54230         88423.07600         86723.93700     
    84852.07000         82434.23730         82255.03450         82011.27070         85006.88670         85032.69680         83630.96060     
    89603.27000         86947.61130         86786.99070         86500.02340         89855.01760         89858.79410         88321.00420     
    86053.58000         83296.42070         83441.67040         82930.63810         86263.69000         86326.27440         84852.68020     
    93900.91000         90718.37350         90674.87230         90268.45640         94082.48610         94082.48610         92378.67920     
    94290.80000         91777.80230         91686.75950         91393.61170         94522.04990         94629.27850         93104.40470     
    80216.27000         78674.90920         78508.14260         78335.98220         80430.91830         80431.58620         79469.53050     
    93235.69000         90973.37200         90910.66100         90620.19470         93469.69530         93477.81390         92190.17810     
    87372.83000         85279.93540         85064.63040         84904.85080         87551.98280         87576.91860         86308.30660     
    92979.89000         90368.06770         90449.80930         89987.29370         93144.80180         93144.80180         91797.30550     
    90612.86000         87950.18200         87897.16700         87580.52540         90806.84770         90832.08520         89352.00740     
    84820.61000         82040.21570         82062.90820         81640.39350         84987.24610         85092.76370         83525.07720     
    82610.34000         80731.72720         80620.93060         80369.64840         82786.60070         82889.12110         81703.76560     
    89430.65000         87459.47530         87336.98610         87086.98040         89670.34800         89697.84830         88503.66710     
    94973.15000         91744.56870         91618.46540         91258.39620         95166.81980         95189.83020         93392.64260     
    84631.91000         82059.52220         82163.92030         81729.08210         84911.62470         84911.62470         83537.77250     
    93725.09000         91310.18070         91088.25560         90857.45900         93933.68990         94088.42240         92510.97270     
    97053.30000         94812.18860         94659.56580         94410.71670         97274.70360         97251.38770         95967.13470     
    93726.69000         91318.39570         91184.60750         90925.06250         93890.86560         93970.12680         92537.73650     
    92577.23000         90295.39820         90145.65510         89920.36650         92728.42390         92758.91020         91437.03950     
    96028.48000         93734.14680         93599.81910         93327.17650         96235.16070         96235.16070         94917.48990     
    81861.58000         79206.27780         79316.13430         78840.30890         82003.06590         82021.77960         80659.60010     
    84708.69000         82442.58960         82431.53810         82079.23120         84940.79010         84963.57560         83686.16410     
    93770.99000         91345.95590         91331.92300         90912.25850         93925.89520         94002.03720         92628.90910     
    85462.91000         82875.02900         83045.57160         82501.66980         85686.00700         85768.79860         84365.78930     
    92538.36000         89887.17170         89959.22340         89496.81640         92774.34460         92719.38900         91366.78400     
    86199.97000         84027.65180         83985.15500         83642.72740         86400.46790         86438.19070         85192.81150     
    91872.01000         89397.37720         89332.27430         88980.38380         92006.56680         92006.56680         90669.42060     
    92908.93000         90160.39270         89950.53840         89705.94870         93159.78230         93172.15440         91555.16040     
    88308.14000         86180.48430         86089.04270         85842.83740         88580.94600         88593.05150         87334.99430     
    87108.59000         84527.54160         84692.26180         84170.53300         87273.97580         87332.96380         85983.11880     
    87976.97000         85740.44010         85731.37610         85354.44550         88254.01530         88212.24210         86992.69570     
    88315.25000         85957.23770         86068.10000         85628.30810         88481.64310         88481.64310         87274.87160     
    84666.28000         82475.82530         82533.97490         82135.65700         84836.84160         84867.12060         83685.40830     
    94980.84000         92447.40450         92409.06440         92056.61520         95240.57540         95339.79530         93824.81990     
    81894.28000         78918.45040         79469.48790         78623.11710         82115.96990         82158.74180         80792.72890     
    89370.80000         87187.90820         87078.78980         86796.05170         89560.58680         89659.47730         88319.68830     
    86685.45000         84581.23480         84564.69050         84229.02520         86836.68920         86832.48680         85700.68980     
    88016.09000         85396.36040         85374.15560         85005.94120         88202.56370         88203.60070         86788.35960     
    83234.89000         81140.90020         81110.91670         80813.75650         83388.37140         83585.81720         82249.64400     
    79628.40000         77556.79230         77506.26220         77200.20640         79816.03440         79899.44980         78661.14830     
    72781.81000         70942.04630         70820.98280         70589.32420         72995.76480         73017.19080         71908.37380     
    85601.82000         83292.53260         83157.43030         82889.68610         85877.63980         85809.39230         84517.53510     
    99094.25000         96419.69600         96367.58980         96038.02290         99363.68620         99368.55000         97865.63800     
    88876.87000         86097.47160         86124.19990         85701.04900         89036.03530         89100.81870         87580.11760     
    82590.07000         80710.57800         80585.23870         80371.48600         82790.30220         82837.76370         81687.77050     
    104212.50000        100829.28250        101064.22950        100392.84940        104402.57060        104517.67670        102733.40000    
    90690.44000         88269.45200         88054.80270         87870.50690         90887.66150         91017.23400         89471.23210     
    91811.20000         89433.02620         89301.57020         89046.94410         92017.57570         92017.57570         90659.57300     
    83837.82000         82286.94280         82154.55080         81948.92300         84062.33140         84046.70680         83108.44110     
    98449.69000         95863.14970         95881.45260         95462.98090         98712.25990         98783.60080         97296.85620     
    86428.30000         84232.25700         84115.24450         83858.81380         86615.18850         86774.70400         85365.21650     
    82228.97000         79631.05400         79745.91700         79282.34890         82395.81790         82489.43980         81070.86740     
    93185.08000         90649.56480         90606.34850         90249.38340         93390.26250         93543.07230         91998.30550     
    92008.66000         89723.16220         89706.46130         89359.21090         92186.54140         92271.90540         90946.50140     
    95238.10000         92965.30820         92819.31170         92569.77320         95412.17210         95400.09650         94115.74190     
    87677.73000         84860.64630         84933.64270         84476.53620         87834.35490         87834.35490         86383.99880     
    92726.67000         89689.42910         90050.87440         89352.47260         92951.39240         92999.38110         91501.13340     
    89188.74000         85789.46830         86030.76100         85359.98770         89386.54560         89474.64810         87708.65330     
    91178.42000         89066.85610         89010.91130         88679.45700         91405.15620         91442.79900         90208.03370     
    93067.78000         90428.37660         90440.94200         90030.52320         93252.91460         93276.32840         91846.92830     
    79980.37000         78393.79710         78258.41900         78062.78090         80150.98690         80144.34530         79204.70290     
    84285.73000         82488.97290         82317.04160         82141.48010         84427.03270         84467.93040         83372.03710     
    86382.65000         83729.41630         83868.21230         83358.10430         86615.91500         86617.79200         85242.06370     
    98229.00000         95963.91760         95842.59940         95572.47820         98502.67980         98545.93900         97172.63960     
    87909.98000         85174.38450         85087.36900         84775.94840         88109.97940         88279.67710         86598.67420     
    84119.89000         81314.54750         81384.38070         80956.08270         84297.87260         84374.50400         82841.12660     
    93278.46000         90721.15470         90575.39200         90301.31010         93475.43990         93507.22840         92025.41600     
    91622.20000         89599.39840         89566.10650         89241.73050         91800.38820         91800.25550         90683.24730     
    84779.33000         82529.02090         82366.29420         82170.42470         84929.28010         84966.75830         83647.78720     
    85083.92000         83172.89750         83137.19340         82834.88740         85275.63600         85295.78380         84206.41470     
    84731.13000         83133.91320         83078.32900         82824.82710         84875.80290         84985.89130         83977.06590     
    94851.53000         92085.71880         92090.99040         91668.99310         95037.11350         95141.65850         93564.05190     
    87874.97000         86261.25600         86098.96370         85919.90950         88070.61670         88120.05310         87084.79020     
    88746.69000         86486.37450         86433.26510         86111.44760         88946.45460         88966.87980         87689.85990     
    93069.83000         90367.46790         90357.72920         89942.89050         93216.76220         93351.34490         91787.24570     
    97729.78000         95478.09240         95237.97380         95070.06890         97941.22090         97986.99280         96589.59730     
    83255.69000         81509.52110         81294.86890         81178.11800         83468.63490         83514.30420         82381.75190     
    89849.14000         87906.98000         87768.28000         87530.30640         90004.51640         90044.36080         88886.39820     
    85166.48000         83200.50510         83128.82760         82860.80860         85375.32470         85433.71800         84252.07610     
    99328.54000         96223.94660         96296.52740         95781.14380         99570.95350         99600.72710         97933.74040     
    88925.38000         86759.01360         86727.92300         86387.54220         89161.04860         89095.04750         87944.48580     
