        tsp        |  l_spanning_tree  |    l_2_closest    |    l_1_closest    |  u_spanning_tree  |   u_greedy_path   |     combined      
     115.33525           109.63810           111.00350           107.80860           119.25640           121.69400           115.13000      
      8.32511             8.12110             7.74550             7.13330             12.33030            9.64500             10.03790      
      37.21011            36.23210            35.44810            33.19000            38.30890            40.83760            36.87850      
      7.60912             7.60830             7.15650             6.55430             7.60910             7.60910             7.38280       
      93.41560            87.26400            87.35770            83.03510            96.86130           101.40270            92.10950      
      91.31820            89.62120            88.94740            84.45880            94.25930            95.77050            91.60330      
     133.92187           131.40750           130.75940           123.89750           135.88910           137.82520           133.32430      
     110.71538           106.66170           106.63590           101.85480           114.17850           117.80690           110.40720      
     168.59033           162.81520           162.64550           155.24370           172.56630           173.90310           167.60590      
      25.59567            24.32850            24.30090            22.65500            26.79580            27.37160            25.54830      
      92.85658            85.64410            86.42770            84.84390            95.14220            96.67050            90.78490      
      0.02856             0.02700             0.02320             0.02120             0.02990             0.03050             0.02660       
     226.25055           215.91430           213.95070           208.20140           237.40650           235.45440           225.67860      
      85.69670            82.71710            82.36320            80.00140            90.56370            92.26220            86.46340      
      86.84741            83.16900            83.18750            80.47390            90.84670            92.28270            87.01710      
      3.19144             3.18790             3.02130             2.70780             3.19140             3.23610             3.10630       
     107.32201           101.75430           102.20900            96.93210           108.98430           113.75250           105.59670      
     280.68026           258.86290           260.49960           247.78030           287.72080           294.75500           274.11020      
     125.58729           120.92950           121.15820           117.59840           131.23230           132.93300           126.19520      
      27.03932            26.72110            25.37010            23.05310            27.11060            32.50090            26.24040      
      0.60148             0.59980             0.59270             0.53790             0.60150             0.60430             0.59710       
     162.01927           156.60030           157.15510           151.74780           164.20550           174.14230           160.68030      
      18.82226            17.78630            17.75340            16.85240            19.43420            20.02440            18.59380      
     125.97728           120.20160           121.06190           115.52850           130.99020           131.90850           126.02600      
      87.86341            81.24000            81.49760            79.39320            92.16390            92.68450            86.83080      
     366.33667           349.35700           345.90870           325.28580           376.29250           385.06320           361.10060      
      0.56990             0.56910             0.56020             0.51590             0.56990             0.67350             0.56510       
     104.03432            98.62350            98.53830            93.32140           107.20930           112.07700           102.87380      
      0.10450             0.10310             0.09610             0.08890             0.10460             0.13070             0.10030       
      60.60874            58.67730            58.16670            55.92590            63.16330            65.06630            60.66500      
     122.70620           119.89640           120.53080           115.28930           124.76620           128.05930           122.64850      
      97.72357            92.21530            92.10740            89.62350           101.15100           102.88800            96.62920      
      69.50962            68.75350            67.23240            62.83620            75.40630            77.18400            71.31940      
      65.63651            61.76530            62.28560            60.72810            67.67190            69.64030            64.97870      
      0.29039             0.26430             0.22440             0.21520             0.31200             0.32220             0.26820       
     298.77776           280.58320           279.47220           264.18600           309.55140           316.52070           294.51180      
     115.69609           108.20720           109.67170           106.88230           119.07470           121.65140           114.37320      
      7.02825             7.01130             6.56550             5.82570             7.02830             7.19790             6.79690       
     181.90312           166.64170           166.91880           157.47250           188.94470           199.54520           177.93170      
      0.05564             0.05490             0.04940             0.04580             0.05770             0.05940             0.05360       
      5.35027             5.35030             5.17010             4.62600             5.35030             5.35030             5.26020       
      16.54996            16.54620            15.76400            14.24870            16.55000            16.74710            16.15700      
      65.15571            59.83750            60.61140            58.92820            67.81120            68.44920            64.21130      
      4.27430             4.26190             4.14860             3.79910             4.61280             4.62200             4.38070       
     306.14344           294.13530           291.56570           274.39490           317.25310           321.25130           304.40940      
     131.67116           126.34850           120.59030           115.13080           139.20150           141.66040           129.89590      
     128.46945           124.69060           123.82380           119.05130           137.74210           140.01180           130.78300      
      62.43954            59.98870            59.09740            55.10570            68.07740            70.24710            63.58740      
      23.26127            22.46170            22.33570            21.27220            24.58770            24.51340            23.46170      
      2.03670             2.03670             2.03030             1.83080             2.03670             2.03670             2.03350       
      3.75750             3.75700             3.66900             3.32840             3.75750             4.02300             3.71320       
      59.45763            56.35400            57.10670            55.04760            60.47690            62.69730            58.79180      
     234.59848           220.23600           219.30000           206.88940           243.46080           249.27270           231.38040      
      7.48481             7.46720             7.29840             6.72450             7.48480             7.48480             7.39160       
      2.37781             2.37780             2.33810             2.12760             2.37780             2.37780             2.35800       
      81.21071            76.47950            75.97960            72.09680            85.42850            86.86380            80.70400      
     209.20258           200.85600           199.27140           191.62040           217.62140           221.38130           208.44640      
     169.77637           163.98070           162.22850           154.92650           173.53830           177.03890           167.88340      
      20.47777            19.70300            19.27250            17.85820            21.81110            22.51140            20.54180      
      32.83549            31.86060            31.56510            29.67160            33.37050            34.63960            32.46780      
      0.02513             0.02380             0.01960             0.01800             0.02720             0.02710             0.02340       
      1.36775             1.36750             1.32950             1.21450             1.36790             1.36990             1.34870       
      85.60458            81.32660            81.85900            79.77210            88.47480            91.61150            85.16690      
      8.63543             8.60480             8.27370             7.55390             8.73620             9.57430             8.50500       
     108.53556           104.85830           104.24190            98.40130           111.21680           114.91910           107.72930      
      0.01996             0.01920             0.01510             0.01440             0.02050             0.02050             0.01780       
     166.66018           157.90670           154.72010           148.18510           174.83450           179.50710           164.77730      
      3.88762             3.88760             3.76940             3.38770             3.88760             3.88760             3.82850       
      4.30244             4.22120             4.11040             3.73760             4.45000             4.46000             4.28020       
     162.75697           156.57070           155.31850           149.35510           166.40950           172.13370           160.86400      
     128.86494           125.90780           126.06990           120.06900           130.36850           133.93110           128.21920      
      10.26685            10.17720            9.48450             8.49300             12.32240            12.32680            10.90350      
      77.31805            75.93320            75.24240            71.50240            79.46640            83.50870            77.35440      
      20.99734            20.07820            19.97020            18.40580            22.48730            24.12180            21.22880      
      59.08597            55.89040            55.00510            51.75350            63.13410            67.37870            59.06960      
     274.63568           256.66850           253.35010           238.84770           282.84670           296.47220           268.09840      
     126.02625           119.61510           118.66650           114.40630           131.46830           132.60060           125.06740      
     336.71544           314.88800           308.91200           291.30010           348.32960           352.76430           328.62080      
     238.51327           226.97120           224.71390           213.03500           249.62120           245.34380           237.16760      
     149.09910           144.59710           144.43900           138.32540           154.04220           160.50670           149.24060      
      1.90378             1.90200             1.87400             1.72720             1.90380             2.54660             1.88890       
     116.28877           109.60890           104.05040            99.42740           124.12930           123.45050           114.08990      
      1.13401             1.13130             1.11910             1.04810             1.13400             1.42360             1.12660       
     389.21871           373.84890           372.71220           349.85580           398.67190           411.16090           385.69200      
      97.52569            91.29130            89.76380            83.55040           101.88310           106.32950            95.82350      
     153.07299           149.42520           147.85140           141.97860           155.21130           160.57550           151.53130      
     259.22554           248.06530           241.59040           228.83720           268.16850           274.48470           254.87940      
     168.31769           154.55360           155.36070           146.41790           175.15320           184.72560           165.25700      
     109.45139           105.36350           105.37230           102.05750           114.56800           117.81460           109.97010      
     289.99486           276.22110           276.82320           264.39790           300.47990           306.78630           288.65160      
     222.28948           211.44560           200.42150           189.37800           233.75630           239.22160           217.08890      
      83.68041            77.90860            78.00130            76.09670            86.20420            88.35420            82.10270      
     152.77666           148.77910           146.21990           139.16790           156.65210           158.54990           151.43600      
     151.94844           149.50320           149.64780           142.35170           153.04020           160.65060           151.34400      
      8.82411             8.76000             8.22040             7.46620             8.82410             9.73260             8.52230       
      17.07357            16.09030            16.10340            15.25150            18.34530            19.19890            17.22440      
      0.81476             0.77370             0.72020             0.68700             0.87440             0.84060             0.79730       
     434.63604           408.42650           408.66990           384.54460           441.43300           462.33140           425.05150      
     161.26118           158.33440           157.72900           150.57410           165.18140           172.39890           161.45520      
      93.20883            89.72560            89.47030            86.92780            98.02500            99.79920            93.74760      
