        tsp        |  l_spanning_tree  |    l_2_closest    |    l_1_closest    |  u_spanning_tree  |   u_greedy_path   |     combined      
     877.92762           802.34710           806.65020           790.29560           902.08750           922.49940           854.36880      
     883.46012           812.20050           816.10660           800.23290           905.62250           919.12220           860.86450      
     906.93699           822.37350           828.16910           810.41170           925.31900           938.91330           876.74410      
     921.65777           840.07750           844.38810           828.26140           948.91120           950.33520           896.64960      
     907.59985           822.18020           826.85400           810.28890           932.44940           949.40480           879.65170      
     933.03231           844.04940           850.07700           833.90450           960.25010           976.66480           905.16360      
     890.62777           814.93470           820.18680           803.34840           913.45800           925.87670           866.82240      
     897.96941           824.40090           827.63640           812.88530           924.29750           933.64590           875.96690      
     900.87101           818.48990           824.06300           808.85740           923.24830           929.91480           873.65560      
     887.25173           811.05290           816.07620           797.52200           913.71800           921.91840           864.89710      
     903.89119           810.97940           817.13600           800.88810           929.47200           939.41130           873.30400      
     862.68413           788.65940           794.07590           774.69780           892.65210           898.69920           843.36400      
     913.80898           829.98580           833.94370           818.67880           939.59600           952.42130           886.76990      
     919.20659           837.25420           844.96040           824.48800           941.27260           952.73570           893.11650      
     929.10935           850.73730           856.30170           839.45770           958.66510           961.33880           907.48340      
     924.42839           850.94000           856.44320           839.50920           946.83700           960.02140           901.64010      
     912.40114           826.75500           832.10020           816.56400           930.15650           943.30320           881.12830      
     922.13582           835.31490           841.07120           823.15480           946.18010           958.05410           893.62560      
     884.84256           799.68660           804.59440           787.72670           905.11710           916.25540           854.85570      
     880.31138           816.64660           821.79940           803.45650           902.74920           914.57330           862.27430      
     904.08825           817.72840           825.08210           804.85600           926.46120           940.54580           875.77160      
     908.59483           818.31470           823.18140           808.56560           941.06240           946.53510           882.12190      
     903.70095           818.93140           825.49830           807.14950           928.48910           940.82010           876.99370      
     912.72527           837.39510           841.81590           825.65290           936.31280           955.40750           889.06440      
     924.36480           842.46440           846.63110           832.58510           943.96960           970.36550           895.30030      
     901.52662           814.67520           820.62130           803.23900           920.88950           942.54520           870.75540      
     862.56519           796.76380           800.57270           783.48260           886.72290           890.96190           843.64780      
     899.17501           816.08090           822.57460           803.37950           935.17640           933.91650           878.87550      
     909.07311           822.56350           828.46920           809.95380           936.86840           944.69610           882.66880      
     867.55396           782.76780           790.50240           770.83140           893.08610           900.19560           841.79430      
     917.87423           849.80090           854.90740           837.43080           939.01650           952.19960           896.96200      
     869.20326           800.02230           804.03450           788.40010           896.53900           905.70140           850.28670      
     912.07467           836.34660           842.07580           825.31900           934.39480           944.45800           888.23530      
     912.04691           830.33170           836.85750           819.05390           935.45020           943.24780           886.15380      
     947.88159           858.69140           864.92500           846.71140           971.57350           982.46170           918.24930      
     893.18793           816.71780           822.49110           803.27920           917.36510           924.78730           869.92810      
     907.78740           844.73640           849.44090           832.86270           933.28700           945.52270           891.36390      
     920.87734           838.64170           844.06740           828.56820           937.83400           952.61110           890.95070      
     904.92574           840.31090           845.76490           829.07870           924.95970           933.81510           885.36230      
     878.81262           805.95810           809.79160           795.48430           902.96760           916.79830           856.37960      
     932.38872           853.24290           857.17660           843.54040           950.59500           959.60520           903.88580      
     896.75755           829.11050           834.34430           816.68860           919.86210           924.07390           877.10320      
     922.63874           840.43330           846.80300           830.11630           943.06950           965.55010           894.93620      
     948.76813           858.01240           862.65360           846.12780           977.85410           994.25310           920.25380      
     931.10076           837.47490           840.56510           826.06810           963.73640           972.07830           902.15070      
     923.29236           842.06730           846.31200           830.14180           946.81360           962.17730           896.56280      
     947.64371           857.60340           863.30350           846.11850           971.41300           994.32390           917.35830      
     932.73267           841.99370           848.53870           830.43820           962.10030           971.66730           905.31950      
     927.08729           843.00460           848.62700           831.35550           958.79410           969.01940           903.71050      
     894.65927           818.15690           821.68980           805.57940           922.92220           927.86310           872.30600      
     942.91959           845.86410           850.02200           834.61900           972.06300           981.15870           911.04250      
     920.13352           838.81280           841.87400           825.77520           945.89080           953.48680           893.88240      
     923.89355           844.60260           848.74080           830.66030           953.79830           958.44200           901.26960      
     909.73749           829.47890           835.07910           817.16210           935.32140           954.70580           885.20030      
     909.22489           831.13910           834.70380           818.21930           934.37600           938.13490           884.53990      
     848.18567           781.51940           785.62350           770.09190           873.98510           879.95250           829.80430      
     882.30629           805.85130           809.42480           793.67850           908.66700           920.08800           859.04590      
     895.31423           816.18640           822.66670           805.71750           916.40580           933.14280           869.53620      
     946.77846           850.89490           859.17010           840.99520           968.94780           981.59950           914.05890      
     895.17866           811.22980           815.11450           800.33890           916.03240           930.46290           865.57340      
     907.79456           827.47980           831.86260           814.49260           932.65090           955.85490           882.25680      
     954.02865           857.31860           860.23610           844.65730           983.02050           987.49820           921.62830      
     956.26713           861.53800           866.87720           851.87620           990.19690           991.76460           928.53700      
     882.84084           821.05120           825.53590           808.38100           905.08980           910.84610           865.31290      
     930.61031           840.70270           844.11210           827.84600           962.32110           969.52890           903.21660      
     908.91801           835.04540           839.65760           823.14750           940.18260           945.93020           889.92010      
     893.35404           817.13690           822.59830           805.13950           920.07810           921.52430           871.33820      
     889.02234           823.56760           828.39420           810.33560           911.80120           921.29240           870.09770      
     904.81372           824.69300           832.91290           812.30980           928.91390           937.97050           880.91340      
     887.37518           805.74810           809.70210           794.33810           909.81240           920.54960           859.75730      
     874.68988           804.24570           807.55410           793.05220           896.61810           908.12620           852.08610      
     881.13676           807.09690           812.40230           794.17680           899.81080           923.62510           856.10650      
     910.14411           819.40310           824.08870           807.42080           934.76690           945.33750           879.42780      
     888.43289           811.70520           815.74510           800.11640           913.02820           928.84730           864.38660      
     912.01117           827.76150           836.03860           816.11550           940.55930           946.28350           888.29900      
     900.57103           819.18140           824.49430           806.54520           934.63700           943.40420           879.56570      
     875.01876           803.13400           810.84720           790.81630           897.88030           909.81880           854.36380      
     912.50664           833.61080           838.33550           822.43040           939.64210           952.40760           888.98880      
     907.39270           833.18600           838.69190           820.20390           932.07710           944.28350           885.38450      
     881.76486           811.25630           817.29930           800.13700           905.20330           918.99980           861.25130      
     906.35161           827.48850           833.56810           816.27960           934.72610           943.14390           884.14710      
     924.71193           841.18310           848.46070           828.93750           948.47290           953.50780           898.46680      
     872.48504           798.08240           800.76400           784.07510           894.42980           904.96450           847.59690      
     916.87185           822.74020           827.68900           811.30380           938.90200           950.51770           883.29550      
     882.86673           807.66370           814.14960           797.05730           906.94930           919.37880           860.54950      
     899.12436           825.52720           831.72080           816.49380           922.82570           935.73420           877.27330      
     901.04848           825.43430           829.39430           812.65770           928.86060           941.97030           879.12750      
     910.07130           830.51180           836.79770           819.26840           933.43360           938.59740           885.11570      
     892.35032           815.09290           819.11480           800.79820           919.03620           927.83070           869.07550      
     925.04322           839.22030           845.50470           828.26020           957.49840           961.76650           901.50160      
     906.76631           832.71410           838.14840           822.13850           935.36020           937.47290           886.75430      
     948.98507           871.59770           876.67390           859.41980           974.70580           984.00130           925.68990      
     908.03489           825.51330           830.84540           814.36710           936.09840           945.64090           883.47190      
     903.06792           820.64520           828.40520           809.11370           926.42420           943.11320           877.41470      
     920.73486           838.99840           845.08010           827.53170           949.34060           955.90570           897.21040      
     923.48542           831.15960           836.89240           820.02940           956.39450           966.04820           896.64350      
     898.78161           816.55660           820.87570           804.83310           920.84130           936.06010           870.85850      
     903.22263           826.71910           832.74850           815.34100           929.26560           940.88330           881.00710      
     911.17125           838.50390           845.38010           827.77900           935.45040           957.89740           890.41520      
     902.98769           815.44250           817.84550           801.62750           931.11720           945.89400           874.48140      
