        tsp        |  l_spanning_tree  |    l_2_closest    |    l_1_closest    |  u_spanning_tree  |   u_greedy_path   |     combined      
     247.76958           200.16960           183.47200           178.72530           275.42450           275.57000           229.44830      
     272.42249           215.12510           195.84350           191.05330           300.73290           300.12500           248.28820      
     278.30381           218.54320           199.02000           194.33130           301.26910           307.32920           250.14450      
     263.53392           211.47460           191.66800           186.77010           291.73760           295.92500           241.70280      
     266.43023           211.80370           192.80470           188.53350           293.46930           291.36170           243.13700      
     264.65994           209.80100           189.83170           185.23810           287.36250           290.46000           238.59710      
     265.56245           211.80280           193.10270           188.83910           293.31120           303.74290           243.20700      
     284.96585           221.71080           199.26350           194.98530           303.82030           309.76210           251.54190      
     270.93867           214.70660           194.00080           189.11410           288.11630           289.90110           241.05850      
     287.78939           222.56950           200.27050           195.72390           310.10540           314.13490           255.18790      
     282.06951           220.14720           198.02290           193.28460           299.38300           316.65390           248.70290      
     286.01903           221.75230           199.41270           195.01360           313.52000           316.50470           256.46640      
     289.98641           224.00480           202.58510           197.77220           312.64710           314.44820           257.61610      
     282.14974           222.40120           200.36070           196.32900           304.16440           311.11240           252.26250      
     271.97280           213.52450           192.40770           187.42560           290.51090           302.59420           241.45930      
     263.99872           210.64670           191.21680           186.83170           290.20400           294.19590           240.71040      
     281.51716           220.75430           199.55480           195.37890           305.62670           308.55840           252.59070      
     256.96564           204.96360           187.53180           182.86170           282.71010           285.25060           235.12100      
     279.79918           219.28890           198.17860           193.45650           302.06530           304.34090           250.12190      
     266.66550           211.97780           192.33360           187.93510           290.88130           287.32000           241.60750      
     288.66191           225.13890           203.14910           198.26030           312.66620           315.75720           257.90760      
     267.38533           212.66920           192.61900           187.96480           284.55510           286.17700           238.58700      
     278.73954           219.02790           197.67600           193.07900           304.22620           306.83710           250.95110      
     267.85443           214.76010           195.38760           191.16930           292.60830           296.43000           243.99790      
     267.26460           214.13970           194.12960           189.81650           293.78400           295.84130           243.95680      
     263.83419           210.73830           190.19470           185.51710           291.95850           292.20520           241.07660      
     275.60994           216.75220           195.73810           191.35620           300.73640           301.32200           248.23730      
     279.57465           219.98800           197.73310           193.21610           298.14730           297.88660           247.94020      
     273.24465           216.76010           195.55720           190.84810           301.85300           302.43530           248.70510      
     264.65425           211.06700           191.25000           186.57710           296.86170           296.59530           244.05590      
     270.25098           214.55020           193.39590           189.01360           289.25730           290.08540           241.32660      
     278.58912           217.40270           195.56160           190.77670           295.79330           310.96450           245.67740      
     281.51854           220.02280           198.67080           194.06710           300.76720           309.57080           249.71900      
     266.94088           212.70430           192.29130           188.04700           292.86400           294.34090           242.57770      
     280.29770           220.44960           198.07490           193.80340           307.68650           310.98450           252.88070      
     255.91132           206.17870           187.49850           182.62250           273.84660           284.45470           230.67260      
     270.61225           215.74650           195.73560           191.23430           298.10030           297.15660           246.91790      
     280.36888           220.27620           199.04130           194.66950           304.96350           307.84740           252.00240      
     266.78636           212.49510           192.11330           187.12620           285.73300           287.26110           238.92310      
     278.53184           216.91170           196.50850           191.46500           304.79930           306.95950           250.65390      
     270.75739           215.12960           195.18880           190.94040           296.79840           297.19730           245.99360      
     267.18737           212.24130           193.04960           188.14850           294.08690           295.95200           243.56830      
     275.80315           216.50390           196.50460           191.46130           301.23530           300.43840           248.86990      
     274.06881           217.04600           196.32570           191.92270           299.48070           299.84210           247.90320      
     267.65084           211.75160           191.37970           186.79410           296.19010           299.07020           243.78490      
     264.13786           209.78000           191.61870           186.69330           288.77000           291.14980           240.19440      
     266.11182           212.70840           195.40650           190.19940           292.54000           295.15570           243.97330      
     274.97775           216.88760           196.56970           191.82660           300.79260           300.35190           248.68120      
     278.50110           218.36960           197.88960           193.24590           300.82340           303.76360           249.35650      
     269.21085           213.50890           193.07750           188.23960           293.08770           296.57440           243.08260      
     282.26810           219.72760           198.24220           193.46510           307.02290           307.98490           252.63250      
     259.95936           207.32090           187.96540           183.37820           289.59650           291.58980           238.78090      
     280.84306           219.92070           198.81950           194.10790           306.72780           310.65510           252.77370      
     258.34097           206.38190           188.16380           182.94180           283.36680           284.69900           235.76530      
     273.06946           217.11970           196.29700           192.06510           296.96350           300.48270           246.63030      
     273.41547           215.87090           196.26340           191.69630           297.45030           300.12920           246.85690      
     280.05692           220.11590           198.76800           194.38750           303.10700           306.17110           250.93750      
     267.05682           212.23760           191.94250           187.65010           292.17970           297.97330           242.06110      
     275.54009           217.46100           195.32280           190.95010           305.42330           305.90970           250.37310      
     270.45345           215.89330           195.91980           191.46940           296.50940           296.71680           246.21460      
     269.33194           213.60380           193.53480           188.84720           294.01950           296.94860           243.77710      
     271.36587           213.32570           193.31510           188.62910           295.56790           298.87500           244.44150      
     282.17787           219.99580           198.37460           193.90610           308.68330           314.40600           253.52900      
     286.42205           221.97760           200.34000           195.69930           308.73850           318.48990           254.53930      
     268.43586           212.67790           193.48830           188.49540           292.00000           300.97010           242.74410      
     281.19492           219.47900           197.54540           192.88930           297.78620           311.32960           247.66580      
     279.38403           219.81940           198.39420           193.97320           304.32020           307.58380           251.35720      
     266.38001           212.27920           193.40850           189.23610           285.37570           286.18360           239.39210      
     260.67167           207.54360           190.31360           185.69330           286.70740           291.35970           238.51050      
     278.06375           216.64610           195.82420           191.07220           301.25120           303.39830           248.53770      
     270.80507           214.31910           195.63290           190.89240           298.39620           300.72040           247.01450      
     270.80156           215.55810           195.24510           191.12830           299.23120           300.97230           247.23820      
     283.18338           222.17630           201.26320           196.52290           309.46240           307.66800           255.36280      
     293.36345           227.59930           203.55070           199.77450           311.40340           315.18190           257.47710      
     277.34020           219.32210           197.75290           193.50600           305.03360           304.64780           251.39330      
     255.55105           205.78940           189.63040           185.01160           282.18220           288.43860           235.90630      
     284.60918           222.89470           200.17530           195.92730           317.39750           316.05990           258.78640      
     275.00762           217.40100           196.99870           192.44820           299.77170           301.28940           248.38520      
     264.96740           210.47700           190.79880           186.29810           287.38920           290.56810           239.09400      
     259.74220           206.26780           189.49780           184.36440           276.93400           285.82850           233.21590      
     269.23731           214.19970           194.08970           189.69350           292.84690           290.76140           243.46830      
     263.16995           208.95940           190.36950           185.24450           286.76990           289.30170           238.56970      
     281.89101           220.33080           199.30850           194.45700           305.27120           309.94200           252.28990      
     274.88092           216.81050           196.37770           191.46970           301.91980           302.40420           249.14880      
     290.72228           226.24430           203.78210           199.50400           314.74670           315.36570           259.26440      
     262.33589           209.32300           189.90560           185.26150           286.26180           279.93790           238.08370      
     277.36956           216.86410           195.53200           190.88940           304.82880           298.15090           250.18040      
     270.73023           213.31710           194.30770           189.44540           295.39190           297.40270           244.84980      
     272.61584           214.37940           193.93920           189.17750           290.66280           291.86750           242.30100      
     264.48709           210.87790           192.66180           188.10210           291.08440           295.29460           241.87310      
     271.13383           214.95500           195.22670           190.85890           296.14090           297.69590           245.68380      
     277.54203           218.67540           197.04610           192.68200           303.11880           305.15080           250.08240      
     265.48313           211.37560           191.02790           186.58330           290.83150           291.45320           240.92970      
     276.73177           216.05240           195.62530           190.73820           295.67430           309.26050           245.64980      
     262.41103           208.43970           189.90150           184.91860           287.17680           289.07500           238.53920      
     279.73406           219.39410           198.97620           194.20290           303.89480           308.98530           251.43550      
     258.43651           207.40710           188.91360           184.30350           282.91370           286.26170           235.91370      
     266.22361           211.58470           191.63390           187.08650           289.98680           292.88050           240.81030      
     258.12626           206.88400           186.96690           182.46150           285.63120           290.28020           236.29910      
     276.62011           218.79600           197.36560           192.82860           301.32810           301.72370           249.34690      
