        tsp        |  l_spanning_tree  |    l_2_closest    |    l_1_closest    |  u_spanning_tree  |   u_greedy_path   |     combined      
      21.46235            20.40600            20.22720            20.02430            21.93790            22.21500            21.08260      
      24.93527            23.73850            23.61460            23.40370            25.28180            25.67640            24.44820      
      20.90162            20.03660            19.82880            19.63210            21.22910            21.66490            20.52900      
      23.57356            22.46160            22.25210            22.05930            23.62970            24.26600            22.94090      
      22.45031            21.54110            21.36460            21.16480            22.89050            23.10660            22.12760      
      24.07846            22.89270            22.76230            22.54030            24.47480            24.71570            23.61860      
      23.57488            22.25670            22.09470            21.87660            23.75340            24.28420            22.92410      
      23.69443            22.82020            22.65810            22.44900            23.92000            24.33980            23.28900      
      22.61061            21.65420            21.51320            21.28830            22.86180            23.39780            22.18750      
      22.22757            21.27050            21.08040            20.87150            22.69470            22.93660            21.88760      
      22.70149            21.96800            21.88160            21.63070            22.92620            23.51220            22.40390      
      21.42533            20.31270            20.13210            19.95430            21.68050            22.14380            20.90630      
      22.51531            21.59340            21.43430            21.24270            22.97090            23.29080            22.20260      
      22.18709            21.30680            21.17610            20.95060            22.61640            22.89120            21.89620      
      22.71286            21.77300            21.59980            21.38570            23.22710            23.38950            22.41340      
      22.13948            21.20820            20.99710            20.79540            22.19170            22.85540            21.59440      
      24.16784            23.02320            22.83400            22.61640            24.57830            24.76470            23.70610      
      23.95446            22.72240            22.52480            22.31940            24.09020            24.60650            23.30750      
      24.96382            23.56540            23.41180            23.17880            25.22150            25.62420            24.31670      
      23.24392            22.21050            22.08930            21.88230            23.54600            23.81840            22.81770      
      22.54724            21.56210            21.39570            21.17440            22.89970            23.27470            22.14770      
      23.01380            21.94040            21.81900            21.58380            23.50220            23.67390            22.66060      
      23.42078            22.26950            22.09340            21.89220            23.58870            24.03240            22.84110      
      21.46047            20.58630            20.38130            20.20910            21.61950            22.15910            21.00040      
      23.48129            22.39070            22.23110            22.02910            23.76760            24.19360            22.99940      
      22.87336            21.94240            21.83940            21.60270            23.17870            23.39330            22.50900      
      22.22889            21.48880            21.29570            21.08600            22.50870            23.01860            21.90220      
      22.01391            20.97190            20.78950            20.60530            22.39880            22.60380            21.59420      
      23.73324            22.63330            22.47890            22.26900            24.13090            24.33630            23.30490      
      23.41808            22.48480            22.31530            22.07680            23.85500            24.15980            23.08520      
      23.27234            22.04450            21.85970            21.66220            23.44670            23.87390            22.65320      
      23.23950            22.11580            21.88410            21.70650            23.42260            23.96830            22.65340      
      23.42605            22.44880            22.29330            22.06260            23.78300            24.19460            23.03810      
      23.85014            22.63920            22.52970            22.30510            24.06440            24.46110            23.29710      
      21.73493            20.92530            20.76340            20.54390            22.24020            22.39920            21.50180      
      23.09985            22.15990            22.00570            21.78900            23.38600            23.72800            22.69580      
      22.57717            21.58620            21.40390            21.23710            22.84110            23.23920            22.12250      
      22.50689            21.41510            21.24790            21.04880            22.69550            23.24330            21.97170      
      22.63139            21.60900            21.43760            21.20870            23.02460            23.33280            22.23110      
      21.65852            20.72590            20.51000            20.30130            21.92070            22.27390            21.21540      
      23.68235            22.78100            22.60250            22.37150            24.17310            24.50170            23.38780      
      23.77440            22.73060            22.56290            22.35400            24.16130            24.34670            23.36210      
      22.74626            21.57510            21.41570            21.20480            23.20250            23.37670            22.30910      
      23.76370            22.67570            22.51220            22.29740            23.98020            24.41030            23.24620      
      22.78145            21.45760            21.32050            21.11200            23.17750            23.37050            22.24900      
      22.08463            20.88340            20.75730            20.53260            22.43790            22.76900            21.59760      
      22.25345            21.44110            21.28890            21.07220            22.52640            22.92240            21.90760      
      24.19406            23.02520            22.94810            22.68180            24.60080            24.88400            23.77440      
      22.88134            21.85870            21.66210            21.45950            23.34870            23.58600            22.50540      
      22.57820            21.46180            21.27520            21.05030            22.75820            23.37210            22.01670      
      22.14040            21.35260            21.18060            20.97740            22.41270            22.84850            21.79660      
      22.77892            21.68800            21.51970            21.30580            23.13490            23.41860            22.32730      
      23.17409            22.18040            21.98570            21.78530            23.60390            23.81230            22.79480      
      24.04533            22.72330            22.54460            22.33260            24.48820            24.80170            23.51640      
      22.31679            21.15790            21.00840            20.79540            22.60840            23.07870            21.80840      
      23.99130            22.82240            22.64970            22.41730            24.47460            24.71530            23.56210      
      22.61761            21.60290            21.40780            21.20160            23.22860            23.39680            22.31820      
      23.40742            22.05960            21.85890            21.63040            23.78010            24.14350            22.81950      
      21.85858            20.75520            20.57370            20.36210            22.34950            22.66370            21.46160      
      21.65697            20.69270            20.51520            20.29880            22.12520            22.37100            21.32020      
      23.39281            22.50690            22.34700            22.12170            23.48490            24.01750            22.91600      
      22.32444            21.31950            21.18370            20.93320            22.43140            22.97310            21.80750      
      22.02967            20.99870            20.84930            20.63830            22.33640            22.62720            21.59280      
      24.23383            22.65230            22.47260            22.28030            24.63030            25.10090            23.55140      
      22.76134            21.74490            21.57640            21.38830            23.06950            23.45770            22.32290      
      24.40969            22.74220            22.63550            22.37080            24.59780            25.24370            23.61670      
      22.97766            21.58660            21.41110            21.20690            23.15640            23.71520            22.28380      
      22.68433            21.56130            21.41200            21.17760            23.15900            23.32450            22.28550      
      23.23043            22.46130            22.26960            22.07610            23.64410            23.80420            22.95680      
      23.16881            21.80800            21.63510            21.41200            23.62570            23.84940            22.63040      
      25.70262            23.98270            23.90860            23.62180            26.03500            26.30580            24.97180      
      23.66477            22.68220            22.46510            22.26700            24.08740            24.29470            23.27620      
      21.42466            20.40220            20.22130            20.03080            21.78790            22.15800            21.00460      
      23.00222            22.09860            21.93090            21.70350            23.39670            23.58640            22.66380      
      21.40283            20.27510            20.09450            19.91280            21.54890            22.11530            20.82170      
      24.68556            23.28640            23.17100            22.94150            25.03960            25.54920            24.10530      
      23.44270            22.44430            22.26980            22.06730            23.76110            24.15550            23.01540      
      24.71697            23.32050            23.12280            22.93350            25.20400            25.27620            24.16340      
      23.91933            22.76370            22.59670            22.37550            24.13480            24.64380            23.36570      
      22.20996            21.03380            20.88190            20.67900            22.36690            22.79630            21.62440      
      21.69838            20.89470            20.70580            20.50120            22.00020            22.41290            21.35300      
      22.56778            21.69220            21.53410            21.30510            22.93110            23.37210            22.23260      
      23.88615            22.41830            22.19290            22.00140            24.29570            24.67460            23.24430      
      22.11869            21.04700            20.90610            20.66820            22.59940            22.81490            21.75270      
      22.55215            21.62030            21.42920            21.21510            22.90340            23.32310            22.16630      
      23.05981            21.94590            21.73090            21.53040            23.19780            23.71500            22.46440      
      21.82798            20.89020            20.68070            20.49980            21.99970            22.55410            21.34020      
      21.57331            20.44740            20.25940            20.03060            21.87490            22.21380            21.06720      
      24.25764            23.06410            22.87340            22.68680            24.58210            24.99790            23.72770      
      23.83395            22.65860            22.45040            22.23690            24.14040            24.44360            23.29540      
      23.74070            22.79500            22.65790            22.42740            23.87250            24.35070            23.26520      
      22.48663            21.37980            21.21030            20.97410            22.58790            23.22320            21.89910      
      23.14440            22.08800            21.91630            21.70090            23.56720            23.84740            22.74180      
      24.42708            23.24300            23.06740            22.86530            24.68590            25.13540            23.87670      
      22.82385            21.96570            21.73510            21.55280            23.12460            23.57840            22.42980      
      23.93749            22.80090            22.63540            22.41100            24.26260            24.65850            23.44900      
      23.12064            22.12820            21.95770            21.75160            23.45220            23.64110            22.70490      
      22.51919            21.51200            21.35290            21.11910            22.87730            23.26400            22.11510      
      24.05175            22.87030            22.73720            22.49710            24.43470            24.76340            23.58600      
      22.21658            21.04460            20.95970            20.70570            22.50680            22.99060            21.73330      
