        tsp        |  l_spanning_tree  |    l_2_closest    |    l_1_closest    |  u_spanning_tree  |   u_greedy_path   |     combined      
     6637.75000          6454.25000          6500.75000          6425.75000          6702.00000          6717.50000          6601.37500     
     6704.00000          6564.25000          6593.62500          6535.00000          6745.75000          6776.00000          6669.68750     
     6661.00000          6524.25000          6559.50000          6491.75000          6708.50000          6729.50000          6634.00000     
     6660.50000          6521.25000          6551.62500          6494.00000          6703.50000          6735.25000          6627.56250     
     6680.50000          6548.25000          6582.87500          6518.75000          6711.50000          6745.50000          6647.18750     
     6698.25000          6562.50000          6597.37500          6532.75000          6736.00000          6766.25000          6666.68750     
     6662.25000          6498.00000          6531.00000          6472.50000          6717.25000          6752.00000          6624.12500     
     6643.00000          6478.00000          6514.37500          6453.25000          6697.75000          6708.00000          6606.06250     
     6687.75000          6545.75000          6582.75000          6525.00000          6733.75000          6768.50000          6658.25000     
     6741.75000          6595.50000          6627.50000          6563.75000          6784.25000          6824.50000          6705.87500     
     6736.50000          6598.25000          6632.50000          6578.00000          6777.50000          6804.00000          6705.00000     
     6702.75000          6543.50000          6581.37500          6513.25000          6737.75000          6768.75000          6659.56250     
     6758.50000          6583.75000          6619.25000          6560.00000          6804.00000          6825.75000          6711.62500     
     6628.25000          6492.00000          6518.87500          6456.25000          6657.00000          6717.00000          6587.93750     
     6630.75000          6514.00000          6539.87500          6484.75000          6676.25000          6705.25000          6608.06250     
     6679.50000          6526.50000          6563.87500          6493.75000          6730.00000          6752.50000          6646.93750     
     6694.75000          6558.75000          6592.75000          6527.00000          6740.00000          6776.00000          6666.37500     
     6663.00000          6531.00000          6561.37500          6498.25000          6696.00000          6727.50000          6628.68750     
     6695.25000          6559.00000          6588.12500          6536.25000          6747.25000          6771.25000          6667.68750     
     6700.75000          6557.00000          6590.75000          6525.00000          6741.75000          6774.75000          6666.25000     
     6675.00000          6454.25000          6499.00000          6427.50000          6729.75000          6760.50000          6614.37500     
     6680.50000          6524.75000          6554.12500          6494.00000          6721.50000          6750.25000          6637.81250     
     6676.50000          6525.00000          6561.75000          6504.75000          6739.25000          6754.00000          6650.50000     
     6718.75000          6561.25000          6597.50000          6534.00000          6772.75000          6777.25000          6685.12500     
     6702.50000          6546.75000          6586.25000          6522.25000          6751.25000          6783.50000          6668.75000     
     6686.00000          6544.25000          6583.25000          6526.75000          6728.25000          6765.25000          6655.75000     
     6682.50000          6533.25000          6569.00000          6497.25000          6736.75000          6756.75000          6652.87500     
     6674.75000          6554.50000          6583.75000          6525.75000          6713.50000          6731.00000          6648.62500     
     6630.50000          6471.25000          6504.87500          6441.00000          6680.00000          6716.50000          6592.43750     
     6678.25000          6494.50000          6537.87500          6465.00000          6733.75000          6753.25000          6635.81250     
     6649.75000          6502.00000          6538.00000          6482.25000          6701.25000          6715.25000          6619.62500     
     6639.00000          6485.75000          6516.37500          6450.00000          6695.25000          6712.50000          6605.81250     
     6703.50000          6521.75000          6559.37500          6498.50000          6749.75000          6775.25000          6654.56250     
     6706.50000          6552.50000          6589.50000          6524.25000          6757.00000          6805.25000          6673.25000     
     6743.00000          6615.00000          6643.62500          6587.25000          6785.00000          6817.00000          6714.31250     
     6714.75000          6572.00000          6609.75000          6542.25000          6748.00000          6807.00000          6678.87500     
     6638.50000          6502.75000          6537.25000          6483.00000          6688.50000          6715.00000          6612.87500     
     6725.50000          6576.00000          6608.75000          6545.50000          6776.25000          6798.00000          6692.50000     
     6767.00000          6632.75000          6661.12500          6606.50000          6816.25000          6844.00000          6738.68750     
     6682.75000          6532.75000          6568.00000          6513.75000          6733.25000          6748.75000          6650.62500     
     6666.75000          6502.50000          6528.87500          6473.50000          6736.00000          6743.50000          6632.43750     
     6656.25000          6500.50000          6525.50000          6476.25000          6701.25000          6725.00000          6613.37500     
     6667.50000          6537.25000          6560.12500          6503.75000          6701.50000          6739.25000          6630.81250     
     6670.50000          6506.25000          6540.12500          6467.50000          6726.25000          6751.00000          6633.18750     
     6687.00000          6539.75000          6579.75000          6515.50000          6721.00000          6756.75000          6650.37500     
     6634.50000          6497.25000          6530.25000          6466.75000          6699.50000          6733.50000          6614.87500     
     6681.25000          6545.50000          6576.75000          6521.00000          6723.50000          6763.25000          6650.12500     
     6714.75000          6545.75000          6585.75000          6523.00000          6764.00000          6787.50000          6674.87500     
     6625.25000          6489.75000          6521.25000          6466.00000          6674.25000          6700.75000          6597.75000     
     6631.50000          6507.25000          6540.00000          6482.50000          6675.25000          6718.75000          6607.62500     
     6709.25000          6544.75000          6576.12500          6515.50000          6747.75000          6786.25000          6661.93750     
     6670.50000          6549.00000          6580.25000          6524.00000          6711.00000          6735.50000          6645.62500     
     6657.25000          6507.50000          6548.12500          6482.25000          6705.75000          6723.25000          6626.93750     
     6678.75000          6499.00000          6534.12500          6466.00000          6721.25000          6750.50000          6627.68750     
     6685.00000          6513.75000          6556.87500          6484.75000          6727.00000          6761.25000          6641.93750     
     6692.75000          6516.50000          6550.87500          6483.25000          6742.25000          6779.75000          6646.56250     
     6715.00000          6542.00000          6577.75000          6516.00000          6758.25000          6786.25000          6668.00000     
     6672.00000          6515.50000          6558.00000          6499.75000          6714.75000          6749.25000          6636.37500     
     6673.25000          6529.25000          6564.00000          6486.25000          6709.25000          6733.50000          6636.62500     
     6749.25000          6608.00000          6643.37500          6582.00000          6790.25000          6817.75000          6716.81250     
     6672.25000          6521.00000          6555.00000          6495.25000          6714.25000          6739.75000          6634.62500     
     6727.75000          6574.00000          6610.87500          6544.25000          6762.25000          6801.75000          6686.56250     
     6613.75000          6480.00000          6515.25000          6440.75000          6647.25000          6695.25000          6581.25000     
     6678.25000          6535.50000          6572.87500          6512.50000          6717.25000          6742.50000          6645.06250     
     6594.75000          6420.00000          6462.12500          6389.50000          6638.50000          6690.00000          6550.31250     
     6732.00000          6549.50000          6593.87500          6522.00000          6787.00000          6809.25000          6690.43750     
     6678.75000          6517.50000          6554.87500          6490.25000          6728.25000          6734.25000          6641.56250     
     6650.50000          6482.50000          6525.75000          6460.25000          6695.25000          6723.75000          6610.50000     
     6705.50000          6562.75000          6592.87500          6535.00000          6746.25000          6771.75000          6669.56250     
     6708.50000          6540.25000          6579.00000          6513.25000          6749.50000          6779.75000          6664.25000     
     6692.75000          6516.25000          6557.37500          6492.25000          6733.25000          6772.25000          6645.31250     
     6680.50000          6527.00000          6565.00000          6494.50000          6722.00000          6751.25000          6643.50000     
     6583.25000          6432.50000          6469.62500          6401.75000          6630.75000          6664.75000          6550.18750     
     6680.50000          6536.75000          6567.50000          6513.50000          6714.75000          6737.75000          6641.12500     
     6726.75000          6599.25000          6622.87500          6569.25000          6767.25000          6809.25000          6695.06250     
     6636.50000          6463.50000          6502.62500          6438.00000          6678.00000          6700.75000          6590.31250     
     6640.50000          6504.00000          6530.37500          6473.50000          6674.00000          6692.50000          6602.18750     
     6683.50000          6553.25000          6580.00000          6524.75000          6725.75000          6743.75000          6652.87500     
     6729.75000          6591.25000          6624.12500          6559.50000          6778.50000          6812.75000          6701.31250     
     6697.25000          6556.25000          6580.37500          6527.75000          6761.00000          6788.25000          6670.68750     
     6637.75000          6500.00000          6533.00000          6472.00000          6679.50000          6710.25000          6606.25000     
     6730.75000          6582.25000          6609.75000          6551.50000          6772.75000          6802.00000          6691.25000     
     6591.00000          6447.75000          6483.50000          6414.00000          6650.75000          6689.50000          6567.12500     
     6654.00000          6492.75000          6530.25000          6464.00000          6708.00000          6737.00000          6619.12500     
     6672.50000          6502.75000          6540.25000          6472.00000          6723.50000          6760.00000          6631.87500     
     6715.25000          6570.75000          6601.62500          6538.50000          6774.50000          6790.25000          6688.06250     
     6568.00000          6379.00000          6430.87500          6348.00000          6604.00000          6647.50000          6517.43750     
     6645.50000          6530.25000          6556.12500          6503.75000          6687.75000          6720.00000          6621.93750     
     6697.75000          6557.25000          6594.00000          6531.75000          6733.25000          6777.00000          6663.62500     
     6647.50000          6497.00000          6533.37500          6469.75000          6695.75000          6724.50000          6614.56250     
     6701.25000          6530.00000          6568.00000          6497.75000          6752.00000          6773.00000          6660.00000     
     6649.50000          6490.50000          6525.12500          6461.50000          6688.25000          6724.00000          6606.68750     
     6729.25000          6577.75000          6619.50000          6557.50000          6761.00000          6790.00000          6690.25000     
     6620.00000          6431.75000          6471.50000          6393.50000          6669.75000          6702.25000          6570.62500     
     6647.00000          6502.75000          6537.12500          6470.75000          6704.50000          6728.00000          6620.81250     
     6696.25000          6527.25000          6570.87500          6505.50000          6736.75000          6762.00000          6653.81250     
     6674.00000          6541.75000          6569.00000          6508.00000          6715.75000          6740.00000          6642.37500     
     6691.75000          6556.50000          6589.87500          6528.50000          6729.50000          6757.50000          6659.68750     
     6728.00000          6535.25000          6579.75000          6507.25000          6772.50000          6820.25000          6676.12500     
     6716.25000          6572.50000          6599.50000          6539.00000          6761.75000          6788.25000          6680.62500     
