10 10
0.029 0.077 0.118 0.078 0.096 0.112 0.031 -0.019 0.014 0.034 
0.035 0.041 0.119 0.108 0.083 0.069 0.064 0.035 0.021 0.049 
-0.039 -0.018 0.048 0.044 0.04 -0.001 0.042 0.025 0.048 -0.009 
0.034 0.091 0.139 0.093 0.107 0.09 0.079 0.032 0.028 0.062 
0.044 0.04 0.075 0.119 0.104 0.095 0.092 0.051 0.05 0.094 
-0.016 0.022 0.052 0.095 0.075 0.075 0.101 0.089 0.061 -0.001 
0.035 0.093 0.095 0.048 0.11 0.099 0.078 0.027 0.058 0.06 
0.025 -0.037 0.084 0.104 0.102 0.088 0.132 0.08 0.081 0.043 
0.005 0.06 0.046 0.106 0.105 0.094 0.051 0.033 0.057 0.04 
-0.038 0.061 0.057 0.089 0.085 0.11 0.117 0.091 0.072 0.051 
