10 10
0.292569803921569 0.351600784313725 0.347550588235294 0.447456078431373 0.595276470588235 0.582640784313725 0.59108 0.579620784313725 0.541543921568628 0.549387058823529 
0.393015294117647 0.43806431372549 0.433448627450981 0.436148235294118 0.454824705882353 0.497090980392157 0.495432156862745 0.519534901960784 0.492925098039216 0.46096431372549 
0.447412156862745 0.425526666666667 0.448927450980392 0.516612156862745 0.548742745098039 0.618177254901961 0.578686666666667 0.61847568627451 0.580361176470588 0.532714117647059 
0.401423921568628 0.452358823529412 0.495672941176471 0.518553725490196 0.572272156862745 0.567196862745098 0.600243921568628 0.600809411764706 0.602468235294118 0.541389803921569 
0.450432156862745 0.389040392156863 0.474620784313726 0.546777647058824 0.537177647058824 0.608852156862745 0.770507450980392 0.701318039215686 0.582844705882353 0.595748235294118 
0.417102352941176 0.463290196078431 0.432279215686275 0.571630588235294 0.866445882352941 0.975378823529412 0.982410588235294 0.96569137254902 0.652606666666667 0.631354901960784 
0.415895294117647 0.401883529411765 0.623832941176471 0.965416470588235 0.991562352941176 0.989292549019608 0.989642745098039 0.884966666666667 0.169136862745098 0.207587450980392 
0.376214901960784 0.359978823529412 0.538919607843137 0.722287058823529 0.626061568627451 0.769684705882353 0.816474901960784 0.628054117647059 0.057001960784314 0.405377254901961 
0.047998039215686 0.262704705882353 0.283146666666667 0.388678823529412 0.554907843137255 0.693202745098039 0.215893725490196 0.002544705882353 0.074987843137255 0.400346666666667 
0.042669803921569 0.215072549019608 0.406687450980392 0.827894509803921 0.987916470588235 0.981992156862745 0.227390588235294 0.021349019607843 0.091842745098039 0.718819215686275 
