10 10
0.779927450980392 0.787205098039216 0.794177254901961 0.803694901960784 0.809283137254902 0.811523137254902 0.823287843137255 0.823287843137255 0.822454509803921 0.823593333333333 
0.779927450980392 0.787205098039216 0.794177254901961 0.803694901960784 0.805361568627451 0.81038431372549 0.833913725490196 0.834487058823529 0.834219215686275 0.835358039215686 
0.779361960784314 0.787472941176471 0.793611764705882 0.80144 0.81038431372549 0.809818823529412 0.844547450980392 0.844547450980392 0.846251764705882 0.848223921568627 
0.786907450980392 0.794185098039216 0.803412156862745 0.810957647058824 0.817096470588235 0.817647058823529 0.85237568627451 0.854347843137255 0.856052156862745 0.855218823529412 
0.804550980392157 0.810689803921568 0.818800784313726 0.827462352941176 0.828846274509804 0.835007843137255 0.857971764705882 0.857971764705882 0.860509411764706 0.858842745098039 
0.815184705882353 0.824129019607843 0.832522745098039 0.840901568627451 0.842285490196078 0.848729803921569 0.856007450980392 0.856007450980392 0.855739607843137 0.856878431372549 
0.822156862745098 0.831383921568627 0.836689411764706 0.846207058823529 0.852078039215686 0.854600784313725 0.854035294117647 0.854035294117647 0.856007450980392 0.855739607843137 
0.833616078431372 0.831361176470588 0.840305490196078 0.84198 0.843929411764706 0.847568235294118 0.847568235294118 0.843646666666667 0.841697254901961 0.840313333333333 
0.832209411764706 0.834426666666666 0.840305490196078 0.844494901960784 0.847850980392157 0.847850980392157 0.847850980392157 0.847850980392157 0.843661568627451 0.846772549019608 
0.835863137254902 0.840052549019608 0.84340862745098 0.848714117647059 0.84814862745098 0.851504705882353 0.847583137254902 0.848721960784314 0.848454117647059 0.850991764705882 
