        tsp        |  l_spanning_tree  |    l_2_closest    |    l_1_closest    |  u_spanning_tree  |   u_greedy_path   |     combined      
     354.06215           228.49070           219.66080           216.87190           375.06860           382.19580           297.36470      
     356.81548           234.20430           223.55830           221.19210           379.82430           382.04740           301.69130      
     326.38787           212.78490           204.93600           201.94990           352.86360           354.14940           278.89980      
     331.10611           217.44150           207.74720           204.77180           358.34330           361.35680           283.04520      
     329.20961           216.97190           209.13820           206.19420           357.34250           360.17520           283.24040      
     348.03815           226.83360           218.09100           214.80520           373.79230           378.01150           295.94170      
     343.31571           224.68930           215.73320           213.37600           366.73670           375.70410           291.23500      
     351.31930           227.39580           218.33940           215.34240           376.05080           379.68540           297.19510      
     342.47218           226.57930           218.81720           216.57570           371.31480           374.26000           295.06600      
     326.89572           217.29430           207.32250           204.28810           352.08000           353.11770           279.70120      
     334.04825           220.26010           210.79170           208.00020           360.31480           368.18610           285.55330      
     354.72522           231.04410           220.94860           218.22700           379.76360           383.03340           300.35610      
     347.16801           227.71600           220.48530           217.61450           375.26080           377.49380           297.87310      
     359.63350           235.27020           225.01780           222.74140           385.86910           387.22400           305.44340      
     352.64729           228.47240           218.32640           215.01660           380.32270           381.26420           299.32460      
     331.39649           220.15710           211.57270           208.24870           357.75750           362.41970           284.66510      
     323.21497           216.56250           205.24940           202.68580           349.53270           349.41650           277.39100      
     309.49578           204.95070           197.32260           194.42590           336.99850           340.01980           267.16060      
     317.64857           211.79840           205.20340           202.29110           345.06820           346.56320           275.13580      
     319.86967           211.42130           203.67860           200.34710           341.13840           348.65700           272.40850      
     323.96069           216.38380           206.93490           203.92440           349.29480           351.77590           278.11490      
     324.68446           215.44460           209.42970           206.19540           354.04350           361.59180           281.73660      
     335.86031           220.25850           212.94270           210.20730           364.06640           365.51370           288.50460      
     373.56183           239.45480           230.01340           227.43360           401.29740           402.60790           315.65540      
     315.79567           213.08130           206.33020           203.37070           342.67800           346.98600           274.50410      
     325.64793           214.88900           207.92460           204.82240           350.06540           356.07460           278.99500      
     343.18220           224.59800           216.54720           213.76670           368.03720           371.63100           292.29220      
     329.21879           215.65820           208.73040           206.34300           357.90730           364.88520           283.31880      
     328.93876           220.20960           212.78580           210.28430           357.42710           361.64810           285.10650      
     326.40521           215.89710           209.83830           206.64180           354.00030           359.93400           281.91930      
     327.55071           218.38740           212.01610           209.66810           353.41830           359.56930           282.71720      
     346.16124           225.48600           218.14250           215.23930           372.28080           374.17760           295.21170      
     326.08999           216.78590           207.01690           203.75530           352.38300           356.65170           279.70000      
     326.89079           216.29290           209.35170           206.53040           359.28440           361.28040           284.31800      
     330.54675           221.12960           213.27050           210.23690           360.14620           364.48620           286.70830      
     337.03185           222.39770           213.64350           211.06060           362.72040           366.23640           288.18190      
     318.57486           214.39580           204.93850           201.76810           342.80140           347.58550           273.87000      
     318.26691           211.34130           205.15070           202.13170           340.30700           350.66040           272.72880      
     339.61156           221.73210           213.39070           210.44370           368.24080           370.52310           290.81580      
     322.73608           213.29190           204.35200           201.36380           343.89630           352.66160           274.12420      
     352.95861           229.00410           221.43780           218.09590           382.27080           385.44970           301.85430      
     345.02760           226.87210           217.51830           214.87780           370.88890           374.48780           294.20360      
     302.55257           201.86100           196.35480           193.19470           332.48500           335.11120           264.41990      
     321.56324           212.03320           204.48060           201.74450           347.32300           347.76830           275.90180      
     327.33135           218.43710           210.51100           207.36690           355.09220           359.51290           282.80160      
     349.44449           229.32310           218.67110           216.22510           377.14090           379.37590           297.90600      
     329.40763           219.84680           210.56460           207.71160           354.26970           357.29190           282.41720      
     330.49383           217.90530           209.59970           205.85250           358.49200           361.49960           284.04580      
     344.54445           229.06760           218.63100           216.29920           371.71650           373.57310           295.17370      
     339.54157           222.88460           213.49920           210.75430           362.75520           368.11060           288.12720      
     322.46713           213.56040           203.49200           201.01710           346.21420           346.95980           274.85310      
     311.89911           207.38740           198.28080           195.98120           338.85080           340.58000           268.56580      
     342.22264           224.51360           217.49050           214.76530           364.41460           372.21790           290.95250      
     336.39249           220.94490           214.32860           211.50290           360.50370           364.04730           287.41620      
     316.32599           209.62240           203.77580           200.49200           345.18130           345.38860           274.47860      
     341.60441           224.23230           215.61960           213.16550           370.77290           375.23760           293.19620      
     332.76454           220.14920           214.30800           211.00430           357.97700           363.99150           286.14250      
     349.96546           227.06470           218.95230           215.79570           373.40210           375.76200           296.17720      
     343.65398           224.04540           215.37520           212.33600           366.24150           372.86750           290.80830      
     343.19322           227.43140           218.31350           215.53880           371.70320           373.67220           295.00840      
     317.52870           207.27050           199.95640           196.57630           342.58510           344.36580           271.27070      
     338.84370           222.43680           213.06660           210.48590           364.55860           366.55530           288.81260      
     327.19615           217.00960           209.69490           206.84160           355.11730           356.36930           282.40610      
     327.26721           218.52840           208.83640           206.13250           352.97650           355.45890           280.90650      
     335.32901           221.96150           211.57360           209.07230           359.31100           369.92690           285.44230      
     330.61354           217.08390           208.59460           205.63550           359.00610           361.05390           283.80030      
     336.35460           221.28960           213.19720           210.44710           361.29300           365.08410           287.24510      
     346.00829           225.63110           218.89420           216.02020           370.33670           374.72120           294.61540      
     338.69389           222.09390           213.78120           210.95210           365.58390           368.97390           289.68260      
     338.76297           224.21730           213.47830           211.24480           363.74400           364.87540           288.61110      
     317.31487           211.52660           204.89470           201.68880           343.29100           345.64950           274.09280      
     332.73533           220.71500           213.35400           210.55710           359.04800           363.11100           286.20100      
     334.56005           216.50010           209.34090           206.18120           362.11210           363.95940           285.72650      
     336.80096           218.78860           210.26470           207.35190           363.87190           370.32930           287.06830      
     339.76719           226.30100           215.52180           213.02850           362.30090           367.27590           288.91140      
     332.88723           220.54220           212.66730           209.66040           362.32920           361.63620           287.49820      
     326.35354           217.00860           208.55270           205.90260           352.30620           363.21850           280.42950      
     346.85503           227.69960           220.47350           218.01270           367.68580           377.52860           294.07970      
     336.92811           222.93910           215.29790           212.79240           366.76650           372.43460           291.03220      
     329.54893           215.71640           208.02980           204.85390           353.96230           362.36840           280.99600      
     327.28946           217.37360           207.85840           204.10850           350.56160           354.74210           279.21000      
     308.73991           208.47050           202.08020           199.18140           332.46960           334.82380           267.27490      
     340.27139           225.63570           216.40360           213.53740           367.65070           369.34410           292.02710      
     341.48722           223.03290           216.73330           213.69110           367.79570           369.86160           292.26450      
     333.41543           220.80120           211.10450           208.38890           358.80150           366.15830           284.95300      
     351.84962           231.44780           221.52610           218.50780           378.40080           384.15690           299.96340      
     340.11748           222.36800           213.00320           210.34910           367.15440           370.96000           290.07880      
     282.69174           190.50820           182.48860           179.35350           310.53940           313.68190           246.51400      
     348.65822           227.47370           220.03430           216.75860           369.32260           375.78000           294.67840      
     335.80890           220.32730           211.42260           209.14800           363.38430           365.75840           287.40340      
     340.85373           225.24720           215.94470           213.54160           362.81790           367.99170           289.38130      
     320.37840           212.26760           206.60480           203.23750           344.77660           351.12820           275.69070      
     340.96837           226.16810           217.30410           214.85780           363.11330           368.16740           290.20870      
     317.00045           210.83740           201.02280           198.57160           341.34000           347.68250           271.18140      
     344.21528           225.20510           216.56680           213.96330           372.20860           376.49300           294.38770      
     317.51321           212.55570           205.34680           201.64080           342.96320           347.13680           274.15500      
     338.72241           222.05540           216.24670           212.60350           367.03150           368.09160           291.63910      
     331.22760           215.97790           207.99620           205.67140           355.65470           360.72490           281.82550      
     313.57896           207.56510           200.08550           197.34340           335.18770           339.39760           267.63660      
     342.31284           226.51120           218.14040           215.21670           372.84760           374.87670           295.49400      
