200	21
11.57255813	10.63680585	11.09130314	11.04814625	11.00014088	11.55966388	10.93545975	11.69200517	11.46245115	11.30292446	10.95543196	11.25313837	11.22031786	11.60968664	10.66773249	11.02181282	10.73276101	11.69235396	11.0302533	11.64164537	10.86997933
10.319785	9.213833283	9.334943631	9.940900834	9.470048726	10.13660668	9.519832792	10.32305476	9.726558779	9.716990894	9.369379235	9.537800798	9.823685681	10.27926234	9.093549613	9.363915717	9.346956889	10.33561366	9.376125389	10.40811741	9.33136485
15.09112956	14.42062477	14.38381227	14.76027293	14.6895012	15.83018094	14.46584696	15.65413811	14.84208021	14.96224986	14.82605188	14.9897138	15.02798373	14.75645729	14.26384869	14.50726195	14.99277463	14.55230886	14.85163681	15.29503707	14.86330548
13.95330526	13.75620186	13.39978526	13.31136517	13.90741648	13.58464547	13.95744671	14.54069716	13.47487201	13.44280098	13.82559485	13.73493185	13.46946376	13.5438535	13.24311447	13.69770607	13.51275281	13.7537704	13.45083751	13.80764673	13.69102374
7.174925683	6.770829046	6.62497818	6.881419908	6.783980414	7.375039431	6.74281467	7.680183682	6.94602899	6.920055055	6.5360529	6.834154981	6.705977902	7.207502459	6.412781525	6.682292371	6.906890596	7.06501215	6.832890014	7.029011087	7.004501392
9.234817431	8.248876343	8.549977143	8.791814071	8.607330314	9.207746467	8.573647187	9.401306206	8.880807948	8.809928866	8.476138625	8.770829046	8.851749041	9.355130821	8.245552706	8.549592167	8.421223299	9.216260837	8.519243094	9.412781525	8.495455333
8.887220615	7.9795681	8.195249158	8.630449157	8.235056863	9.084276911	8.34251919	8.957682486	8.710806434	8.497452696	8.277519887	8.315602457	8.733015322	9.015693807	8.139039668	8.248402006	8.306061689	8.811856314	8.207502459	9.197462446	8.083745237
10.57771205	10.09631984	10.88980814	10.79465954	10.57222651	11.13262825	10.08931806	10.9767789	11.23792695	10.70873904	10.60074921	10.77016832	10.8108126	11.25065372	10.29013407	10.67074476	10.21006248	10.86387652	10.30754237	10.92510932	10.77346893
12.52608349	10.85658115	10.98249453	11.48768933	11.38753272	11.36407992	11.41658644	11.74546425	11.22303634	12.96609082	11.75380173	12.00151375	11.22472525	10.94741778	11.67299983	10.65696108	10.66799854	13.67422538	11.86855251	11.85319258	11.74521212
13.69972426	14.58499772	15.87354264	15.31400962	14.68740302	14.33360263	14.71606384	16.09710419	13.92679633	15.76477831	15.25011703	15.25131597	14.59849455	14.93446951	15.8925025	14.54561007	14.60204347	16.23096611	15.9799878	14.00661536	14.16870345
10.31061278	9.073338255	9.601027897	9.497452696	9.238404739	9.864340932	9.685449638	10.74264628	10.11191811	9.842193179	9.907942177	10.23900176	8.519636253	9.589089313	9.342741399	8.66498053	9.2244841	10.81073228	9.363258702	9.22905912	9.840620587
5.569855608	4.121015401	4.944858446	5.121015401	4.958842675	5.395748328	4.491853096	5.725195817	5.752213368	5.078951341	4.255500733	4.87774425	5.121015401	5.332707934	4.678071905	5.112700133	4.791814071	5.459431619	5.070389328	5.449561375	4.995484519
14.83005959	13.05200757	13.84919982	13.42897512	13.51082597	14.7510785	14.84840777	15.08550565	14.32342777	14.24946164	13.9295913	14.26797171	12.80124355	13.45050247	13.41769432	12.86884184	14.24562698	15.64409286	14.0172956	14.07343031	13.5082157
10.21006248	9.695228291	9.931180721	9.995908446	9.929110432	10.32057493	9.84815344	10.51796459	10.30788385	10.34418493	9.887677574	10.1009251	10.26561505	10.31152128	9.652307222	9.996473489	9.618018358	10.49415556	10.35601172	10.42595018	9.775116404
10.31955923	9.938403424	10.32373034	10.53974043	10.20640391	10.73242185	10.37710205	11.22689381	10.48994828	10.43514934	10.25112731	10.53216108	10.2772874	10.67533961	10.16829604	10.38402821	10.3553511	10.57430969	9.836997109	10.86093177	10.03094296
7.996614715	6.974988112	7.350497247	7.6794801	7.412781525	7.906289347	7.309248961	8.109569509	7.62497818	7.685099172	7.213347282	7.516487981	7.585713709	8.056908618	7.076815597	7.365447589	7.261154673	8.123086751	7.415319248	8.073606041	7.452035274
9.029839349	8.1017131	8.30241045	8.6043679	8.419538892	8.980139578	8.354028938	9.069852511	8.6727789	8.791814071	8.256444596	8.535664191	8.632268215	8.999154423	8.133399125	8.365447589	8.23935985	9.477555911	8.36018867	9.110613806	8.279378431
10.61811015	10.40247917	10.85424505	10.79238361	10.24091056	10.68492391	10.79636414	11.7775841	11.26438395	11.10898176	10.88767757	10.71381608	9.951576139	10.78496195	10.70043972	10.13404121	10.19869059	11.65557544	9.945297511	10.58749626	10.55439699
11.43967508	10.44118051	10.91273967	11.02859678	10.60149225	11.23786721	10.89686215	11.72583487	11.14268147	11.27064574	10.69522829	10.93656433	10.87927691	11.4325419	10.56786103	10.51362891	10.5661492	11.82519731	10.73885226	11.30862345	10.58824615
11.82825551	10.90486038	11.40774575	11.5599984	11.17042585	11.81722352	11.35870614	12.20808191	11.71398787	11.5667676	11.29272424	11.65167959	11.29260922	11.8793918	11.28470845	11.14567746	11.17891378	11.98921708	11.16396409	11.88333061	11.215533
11.35331226	9.864186145	10.67807191	10.8687454	10.85213933	11.06514682	11.11803262	11.7043792	10.88180225	11.16835873	11.34107399	11.58730873	10.08998006	11.06305796	11.13493964	10.44169926	10.68483627	11.13865579	10.88187871	10.48643282	11.2331403
11.04875931	8.338959175	8.574404309	8.678071905	8.919757193	9.798795784	8.759555343	9.309931032	9.00814846	8.781031791	9.258330473	8.741804025	9.099084761	9.183139098	8.318316841	8.471268764	9.312882955	11.07688239	9.4108753	9.245552706	8.555356039
12.31529111	11.21650337	11.60195645	12.15161912	11.58594838	12.38960445	11.57615363	12.51582301	11.93501768	11.73407449	11.66591324	11.73314246	12.04746477	12.49867472	11.37617967	11.59702829	11.54592977	12.30183911	11.54877375	12.6029076	11.37471348
10.23397911	9.22905912	9.902827299	9.574404309	9.871597266	10.27903014	9.878050913	10.71398787	9.945297511	10.07481046	9.796201883	9.754386479	10.17741954	9.921394674	9.660530785	10.04425749	9.36128586	10.61746747	10.08931806	10.65374078	9.534886458
10.79733729	9.667821181	9.66231233	10.74542223	9.930293818	10.86851392	9.387371158	11.33158878	10.70191287	10.28030681	11.1028287	10.72203903	10.52552081	11.04323239	10.04138537	9.722636788	10.20089861	9.716133525	10.00492268	11.25821268	9.494655613
8.581577216	7.525129251	7.885086225	8.171927354	7.964629667	8.524345816	7.79246496	8.569096095	8.299208018	8.321026129	7.847996907	8.041659152	8.171927354	8.587590019	7.668884984	7.939579214	7.720415285	8.643134662	7.968090752	8.677719642	7.746178381
9.213833283	8.268658955	8.541483864	8.696272084	8.652844973	9.173677136	8.6231499	9.266083758	9.019590728	8.799929151	8.529820947	8.802193217	8.783980414	9.288173968	8.397460726	8.651410526	8.453682186	9.28077077	8.493455201	9.321026129	8.480184324
7.148730779	6.596935142	6.651051691	10.78773935	6.733354341	6.703211467	6.671010241	7.247927513	7.113742166	6.962317655	6.362820526	6.885086225	6.738767837	7.209453366	6.329123596	6.768184325	6.499845887	6.953032377	6.352264173	7.085339669	6.980710829
7.866042497	7.425425735	7.687200695	7.891176125	7.886915896	7.985841937	7.934280594	8.553053253	7.892391026	8.582706527	7.642412773	7.656067274	8.373735202	8.338067798	7.339850003	7.602884409	7.341630009	8.412358137	9.160123534	8.616916363	7.03562391
13.99731182	13.63728148	13.70712183	13.742962	13.68171059	13.89878086	13.75876454	14.11900594	13.78288562	13.85516048	13.75607673	13.85682428	13.81312983	14.00178641	13.66025222	13.70350349	13.61357079	14.18466617	13.7916513	13.93035851	13.68347716
10.87152026	10.35634192	11.06534881	10.84470576	10.7883105	10.9759196	11.24448277	11.77169579	10.72109919	10.91206599	10.69034725	11.13282101	10.71690518	11.0379587	10.68079903	10.8748277	11.09724207	11.14618679	10.5690961	11.03528024	10.45481335
9.802193217	8.820817182	9.036173613	9.3226042	9.06501215	9.766031913	9.080018029	9.744497506	9.541483864	9.368724704	9.038095925	9.209697044	9.400879436	9.786106233	8.852685552	9.084011098	8.876516947	9.882184493	8.957102042	9.900866808	8.903279342
7.566815154	7.75087444	7.343407822	7.408542042	7.702519029	8.157346935	7.510961919	8.391028727	7.76420813	8.034523875	7.350497247	7.640244936	7.546122759	8.146695948	7.403438163	7.577428828	7.80928581	7.992088609	7.466790238	7.55228484	7.854868383
7.137503524	6.636624621	6.64385619	6.936637939	6.761551232	7.427103287	6.62058641	7.465974465	7.029011087	6.908092341	6.515699838	6.862947248	6.855491443	7.318316841	6.551516018	6.726558779	6.818901676	7.073606041	6.62935662	7.153805336	6.888743249
7.550746785	6.652486495	7.117902789	7.204571144	7.030115331	7.575161033	6.8899602	7.721099189	7.404290064	7.58345891	6.754887502	7.14363831	7.191799501	7.503030646	6.6794801	6.9795681	6.712870868	7.570614722	7.395748328	7.597680144	6.948367232
10.68290683	9.570994129	9.676662335	10.25715209	9.851280558	10.44542876	9.913038986	10.81249823	10.17205241	10.14580481	9.765534746	10.06123617	10.27856561	10.75037202	9.427941333	9.711666974	9.732845782	10.70701395	9.855802872	10.89094822	9.735217522
10.92822226	9.688075426	8.994070528	9.853933289	9.146186791	10.18351133	9.957827561	10.99604973	10.12295738	9.461888664	10.65257612	10.55468477	9.774622359	10.04384754	9.190071575	9.518456456	9.195495247	9.501837185	10.27565894	10.42846486	8.990103964
9.882948673	9.309703711	9.652665745	9.585338154	9.574215066	9.999295387	9.577806447	10.18945396	9.959857076	9.979853867	9.561287945	9.839991071	9.785615937	10.01346226	9.345183447	9.618936044	9.408966552	10.12812324	9.543805176	10.1142629	9.525129251
9.943979914	8.702172685	9.065550771	9.446049407	9.108263075	9.879736394	9.038095925	9.785942819	9.503627006	9.311975314	9.062316027	9.197216693	9.479173962	9.984988019	8.87282876	9.036173613	8.883865155	9.895120819	8.994919089	10.01038824	8.871289228
7.14974712	6.240314329	6.565292521	6.790511412	6.636624621	7.185866545	6.658211483	7.135452784	6.930737338	7.05202456	6.345183447	6.77478706	6.712870868	6.972692654	6.376776572	6.665335917	6.551516018	7.212374788	6.687900522	7.269594252	6.623515741
6.266786541	5.031218731	5.686500527	6.294620749	5.738767837	6.093813673	5.61176256	6.290940402	5.820178962	6.03562391	5.263034406	5.62058641	5.802193217	6.024585638	5.452858965	5.523561956	5.593951284	6.249824549	5.783980414	6.419538892	5.708739041
7.816343705	7.375908263	7.50779464	7.77280941	7.665335917	7.623515741	7.930737338	8.120497098	7.525912261	8.261624836	7.566815154	7.612499946	7.599912842	7.530601415	7.569096095	7.549207089	7.422905743	8.048214385	8.04384754	8.160375687	7.277984747
11.06703094	9.905687849	9.594137956	10.5923636	9.932510053	10.56004618	10.21152332	11.20725841	10.16967451	10.27717114	9.763378375	10.20102117	10.39681882	10.98541504	9.277984747	9.646198666	10.09024477	10.92629599	10.01903467	11.34007262	9.996897126
9.752715146	9.613789464	8.984418459	9.901168595	10.04794184	9.882795869	9.27076252	10.37807806	9.62935662	9.327552644	9.837943242	9.656961081	10.07788386	9.890416292	9.405354234	9.568146141	9.293471649	9.691743519	9.404928661	9.802193217	9.628263255
6.098032083	4.590961241	5.255500733	5.64096791	5.28169825	5.862947248	5.145677455	6.011227255	5.548436625	5.64385619	4.867896464	5.197708158	5.478971805	5.817623258	4.925999419	5.133399125	5.165911939	5.958842675	5.350497247	6.085339669	5.255500733
9.761717432	9.015136244	9.301267541	9.294850459	9.293701542	9.795390331	9.28169825	9.900564957	9.71630504	9.530016103	9.244601688	9.533329732	9.45409362	9.80928581	9.072266615	9.328001662	9.112700133	9.866969778	9.260684356	9.790837187	9.296686825
9.062316027	8.293241719	8.445842554	8.845803646	8.430870664	9.09011242	8.409815196	9.272629785	8.992088609	8.791488517	8.439623138	8.566054038	8.631904587	9.12541347	8.177419538	8.445014846	8.464341533	9.030115331	8.311067102	9.117383367	8.318768743
8.242697768	7.198690586	8.236970886	7.805421446	7.517275693	7.928962441	7.908092341	8.281234585	7.625708843	8.602142091	7.586464526	7.872213144	8.082681303	8.162894799	7.483009577	7.658211483	7.438791853	8.853933289	7.967514481	8.067165427	7.52277767
6.798309782	6.454504938	7.04220656	7.337175869	6.723831566	7.09592442	6.815063017	7.090641752	6.619119511	6.898450233	7.176921112	7.156841525	6.638073837	6.891176125	7.053111336	6.653919873	6.908092341	7.170926525	6.911691582	6.669593751	5.897240426
8.928962441	8.613973587	8.581577216	8.800576389	8.522385366	9.148730779	8.392317423	9.68264352	8.864495703	8.593204354	8.619486376	8.62935662	8.849561482	9.129540618	8.338513555	8.508587112	8.536441505	9.03919324	8.534108305	8.81602364	8.390168956
6.517275693	5.916476644	5.680886921	6.070389328	6.01346226	6.376776572	6.191799501	6.332707934	6.261154673	6.106432078	5.526694846	5.802193217	5.765534746	5.942514505	6.346956889	6.14974712	6.316507819	6.266786541	5.827819025	6.419538892	6.131342539
17.98974041	17.27090575	17.94881321	17.27543161	17.58990054	17.85509841	17.68071458	17.96974794	17.6851909	17.06217793	17.76554446	17.68297127	17.5474579	17.57494529	17.68962745	17.23553561	18.07294433	17.41735149	17.31668812	17.47144739	17.20660042
11.91882598	10.96780265	11.6319955	11.67317655	11.56800359	11.99636756	11.43400265	12.36361462	11.68049139	11.46959095	11.55161214	11.8419181	11.73276101	12.29846358	11.26191861	11.2820459	11.47558145	11.88577262	11.36566629	12.20518233	11.17878932
8.664625055	8.267254872	8.996897126	8.774128144	8.398316163	8.67912818	8.77939106	9.385431037	8.650692767	8.31152128	8.819221104	9.025693274	8.591335336	9.023754353	8.83541884	8.297833368	8.6574971	8.797012978	8.578938713	8.957682486	8.276589716
13.05146387	12.75131391	13.14906434	12.86893827	12.82288945	13.23895699	12.98236975	13.53343924	13.29966594	13.08303049	12.8114349	13.06241722	13.04993361	13.23249588	12.79496408	12.86561729	12.72353296	13.52423561	12.89413566	13.31926285	12.70258396
12.6545689	11.83253404	11.79753995	12.71450312	11.70688448	11.6679542	12.18487534	12.36539291	12.03500524	12.06406908	12.15706266	11.82380508	11.58374095	12.27181315	12.36547493	11.47770768	11.2025524	12.87234783	11.81205694	11.38613194	11.13807977
17.48298831	17.18152015	17.55298873	16.85777815	17.10620611	17.48313558	17.80559904	17.93605759	17.69985844	17.02125003	16.93085859	17.2842819	17.36982735	17.60229726	17.36627269	17.30748545	17.56816693	17.23769453	16.87571576	17.61436477	17.12179048
12.12989474	10.829802	12.56691027	12.67835806	11.22689381	11.94262446	11.99700302	12.88862911	12.12389507	12.00105627	12.07022159	12.24555271	11.66866342	12.9403136	12.15320367	11.34573788	11.49575511	13.22681857	11.74058188	11.93939556	11.54148386
12.788596	11.74491791	14.18013449	12.78992076	11.96455747	12.57936308	12.70067812	13.37958143	12.08464232	12.42849104	12.97708311	13.18577365	12.25544172	13.2003929	13.89787381	11.89765641	12.54165325	14.95841225	12.70770423	11.73051259	11.70450889
15.93993498	15.62426428	16.34487495	16.29228208	15.91889584	16.07783798	16.06937424	16.96310944	15.875255	16.16540756	16.29834007	16.5353817	15.78990548	16.47203394	16.05537777	15.88768471	16.08916907	15.87579494	15.91128431	16.01032704	15.42603538
11.4911015	10.70502754	11.05283972	11.17130192	10.88630626	11.51727569	11.1205619	11.90734137	11.46999787	11.26936048	11.1344905	11.57018777	10.94280771	11.49145229	10.82829519	10.89822347	10.76901132	11.6639583	10.7855342	11.59721456	10.83597143
14.7452699	14.32437747	14.06482695	15.00634361	14.17088742	14.63475434	14.77561542	15.6347033	14.84727272	14.78958459	14.83501413	15.81737843	13.31604106	15.44268437	14.55107136	13.79982799	14.04263408	15.55167222	14.15996592	14.10475435	14.30932002
14.91149966	14.59800014	14.63403392	14.38790962	14.77397367	15.1431201	14.80366699	15.19311335	15.26143018	14.28006752	14.78514591	14.90433826	14.68340039	15.02613004	14.5623438	14.78340754	14.5924804	14.71027372	14.1704102	15.21051535	14.72038322
14.64683993	13.01701716	13.65664831	13.15350453	13.06593778	13.54039446	13.16922039	14.06251841	13.45898327	13.42515032	13.28508428	13.54584533	13.26068436	13.20701432	12.91587938	12.92308603	13.37385752	13.6743247	13.36125844	13.69568504	13.15796267
10.994707	11.5074478	10.55401319	11.31203206	11.59068061	11.42940674	11.61309879	11.68908071	11.69627208	11.29272424	11.59698172	11.0860035	11.05507903	11.51293794	11.22629176	11.69696753	11.34318572	10.92562861	10.38229979	11.48063876	11.51870233
8.839518753	8.157346935	8.406842755	8.501439145	8.314243347	8.704249502	8.284014345	8.668175869	8.573268478	8.652486495	8.203592714	8.354469792	8.413204789	8.622783966	8.210914816	8.33315535	8.176422513	8.914684105	8.420381341	8.663913842	8.316960287
8.326878855	7.431288654	7.764871591	7.893604905	7.770829046	8.244601688	7.683696454	8.235535607	8.141596278	8.230260665	7.598424761	7.859845344	7.892998093	8.198199455	7.495055528	7.754219433	7.51412226	8.364134655	7.907491593	8.255500733	7.638073837
8.699398938	7.785288981	7.946613905	8.232181058	8.057450272	8.677014857	8.015136244	8.72417275	8.345627012	8.388447876	7.903881846	8.106432078	8.289096702	8.744833837	7.819540461	8.064473329	7.972692654	8.688600011	8.092757141	8.73470962	7.996614715
8.774128144	7.970968661	8.241268177	8.411510988	8.270061673	8.763544364	8.327777171	9.203348003	8.580070091	8.854556752	8.489045125	8.46515823	8.355351096	8.71183902	8.185371029	8.232660757	8.349170631	8.960001932	8.528258743	8.817942968	8.144148367
15.0598134	14.19391801	14.04883593	13.59715635	13.67155212	14.43526005	14.11241507	15.09177833	14.56199193	13.94086414	13.3101015	14.59533325	13.64363075	13.91047409	13.47520144	13.65774271	13.27974115	14.44694112	14.0823653	14.01694754	13.82250112
10.19315571	8.087993146	6.832890014	8.704595348	8.346956889	8.103812329	7.196725061	7.597680144	8.403438163	7.098032083	7.539158811	7.320123598	6.965784285	7.860466259	7.30560579	7.781359714	7.415319248	7.756889855	7.431288654	7.906890596	9.021812824
17.16674859	17.0736416	17.55326404	17.10866942	17.04196603	17.32448119	17.39525714	17.74725351	17.11646174	17.32302748	17.30193018	17.36028385	17.14044836	17.29371681	17.20758253	16.71547676	17.47890863	17.65317467	17.18231772	17.05243963	16.89021558
13.20308795	12.2275257	13.41716686	12.81065196	12.22917932	13.33716193	13.44114159	14.38313725	12.90899299	13.42538639	12.77087033	13.06760242	12.57978733	13.10528652	12.57520832	11.84403879	13.24335252	15.14623055	12.49984589	12.95554094	12.23343993
4.949534933	4.017921908	4.277984747	4.277984747	4.307428525	4.498250868	4.053111336	4.426264755	4.472487771	4.649615459	4.153805336	4.112700133	4.177917792	4.578938713	4.112700133	4.185866545	4.129283017	4.765534746	4.523561956	4.5360529	4.224966365
14.61418645	13.70229175	14.84806539	14.4414853	14.24848354	14.76721717	15.14270141	15.65875819	14.09761244	14.99954644	14.43030226	15.02716736	14.18698857	14.41500228	14.47989392	13.7147714	14.33758009	15.97931354	15.39116638	13.73262323	13.92489599
13.52800228	12.24920236	12.81997946	12.41531925	13.12119352	13.25265065	14.03819883	14.23591699	13.10808335	13.30363807	12.6569164	14.03931321	12.54715964	12.58920638	12.8143221	12.21644274	12.77375737	14.51718341	14.17955148	12.10348453	12.94223958
13.63813042	12.54877375	13.43924652	13.40419691	13.3834883	14.02781099	13.90447469	14.30430141	13.71801907	13.88228004	13.79061322	13.91776366	12.94112099	13.54326145	14.05546886	13.10299268	13.58450454	14.47095115	13.77651528	13.55983115	13.14065406
10.40045254	9.403864177	9.785779387	9.786759701	9.857203472	10.4649541	9.8899602	10.87252098	10.19647918	10.24804615	10.01080781	10.24448277	9.725366258	10.37242979	9.621136113	9.617467465	9.662490364	10.99435344	9.970681128	10.27879789	9.806710718
10.66453617	9.413627929	10.37188552	10.19426438	10.2043266	10.82105644	10.57676776	11.29697355	10.56300555	10.78945213	10.72400217	10.8029202	9.796039609	10.48341273	10.80203162	9.892998093	10.42238019	11.42453374	10.62899226	10.54438492	10.07320434
13.66292423	13.01776536	13.87411685	14.03078782	13.70604268	13.97094171	14.39221008	14.78959987	13.96458455	13.9436778	13.93277762	14.31255684	13.28716405	13.66325788	14.0756797	13.23792695	14.3267244	14.49931649	13.93817367	13.80402007	13.34906002
12.03459265	10.7294508	11.65105169	11.62853667	11.41938088	11.83849487	11.34972354	12.16522107	11.21079309	11.31871226	11.27594988	12.3084528	11.37596255	11.91367482	10.69705443	11.40933789	11.52512925	11.80711338	11.74718597	11.73982279	10.86797366
11.38202954	10.38002808	10.67675047	10.92012951	10.7368247	11.38877074	10.66950517	11.42406129	11.10577759	10.83399692	10.62589145	10.83549779	11.00723756	11.34712304	10.53741256	10.76702573	10.54467471	11.41479092	10.55660185	11.60501645	10.44501485
16.70287476	15.26106283	16.33904619	15.94391355	16.5328916	16.82151117	16.33968128	16.69306764	16.47506524	15.91496901	16.22753134	16.46741609	16.10645866	16.21347259	15.81289677	15.25898921	16.61190661	16.33920456	16.48836425	16.36538949	15.97647239
14.88032489	15.10906341	15.08302634	15.56240045	15.46309965	15.384632	14.94529294	15.61126404	15.63740036	15.25610915	15.5407365	15.48783375	15.36738403	14.69374285	15.13887573	15.37248761	15.16341382	14.61555493	14.87712593	15.63377856	15.0106767
15.38339042	15.2530534	15.29677285	15.27610986	15.32720175	15.27603351	15.20792182	15.45078597	15.33081887	15.2896515	15.28484217	15.32569897	15.37554518	15.36167311	15.15780481	15.33751041	15.15081827	15.39158932	15.37063973	15.37735628	15.23152496
6.769507291	5.925999419	6.155830172	6.422905743	6.169925001	6.653919873	6.04220656	6.610286657	6.427941333	6.791814071	5.840463234	6.173926932	6.355791547	6.619119511	6.089582893	6.249824549	6.118941073	6.733354341	6.276124405	6.746850183	6.116863758
13.69703271	12.98925257	13.86374104	13.35318819	13.51829662	13.76519284	13.98348354	14.20656417	13.29627098	15.73672166	13.73848287	14.14926286	13.21369661	13.06341194	13.5559072	13.70816783	13.24367979	14.32151241	15.53006184	13.81138473	12.92408875
12.75292417	12.1798469	12.65044596	12.46956551	12.64295422	12.87753338	12.31907934	13.0174696	12.86602317	12.63875266	12.60362634	12.4108753	12.62903781	12.98859594	11.95194034	12.43866192	11.93638029	13.41880134	12.77235582	13.11652266	12.97967527
16.86694443	16.90682485	17.19726086	16.80869777	17.00134002	17.11127426	16.87633708	17.08947014	17.07671645	16.74696693	17.0115909	16.88736938	16.96988562	16.74058979	16.68117663	16.8849253	16.98232406	16.89448741	16.88354779	17.27825343	16.97402913
10.5943246	9.366103608	9.557655155	9.865733271	9.553245292	10.09169983	10.09974229	10.49415556	9.680183682	9.980568037	9.530211233	9.912440295	9.884781054	10.4400386	9.220620167	9.345848744	9.369161091	11.70981618	9.822092774	10.42448125	9.572889668
9.042753761	9.160123534	10.24958756	9.924515622	9.069315495	9.233140296	9.198199455	9.89087224	9.427731867	10.07199858	9.648537346	9.387801942	9.534302882	9.588901986	9.082681303	9.274960472	8.860155835	10.37851162	9.834787049	9.871135184	9.071194179
14.18429424	13.52686598	13.86118386	13.94711638	13.6444309	14.10983065	13.75472051	14.32356851	14.07059897	14.01758269	13.72442858	13.93491635	13.85309508	14.20060746	13.26770842	13.61367438	13.35907691	14.46071185	13.71455678	14.23486233	13.68521965
15.75545877	14.35813606	15.04564449	15.02834209	15.12131091	16.32412428	14.93041395	15.86056568	15.95307786	15.02696428	15.76594906	15.67335601	14.81326012	15.49846592	15.05950924	14.83972541	15.62153967	15.09126182	14.61596866	15.52647784	15.45080208
11.30514975	10.77272695	10.91796873	10.99449487	10.90734137	11.40183949	11.1226339	11.74894755	11.3586512	11.26497032	10.87213617	11.14325565	11.05412945	11.37019698	10.93943229	10.93243623	10.80679126	11.6379833	10.92221272	11.60561841	10.89398403
11.79095933	11.31356331	12.15231654	12.19724741	11.6767064	12.02873489	12.2162002	12.82047816	11.68794425	11.79543092	12.26406135	12.02410078	10.90486038	12.26171297	12.5355913	11.48154719	11.76034571	12.73407449	11.51589691	11.63988331	12.33133686
14.93445569	14.35795743	14.14814288	14.15231654	14.72846795	14.88848642	14.59723785	15.08019296	15.29464588	14.13604588	14.59392211	14.90990246	14.13770364	14.809959	13.90704087	14.41981537	14.33414058	14.67703689	13.53376773	15.27047419	14.72835634
13.80348538	13.87192448	13.93321115	14.33529265	14.03681753	14.2485799	14.22967504	14.15428016	14.72542484	13.87161652	14.01919108	14.17255252	14.11765122	14.16467128	13.87522139	14.1123662	14.14211504	14.44758049	13.29960871	14.38780194	14.20496844
15.069605	15.56065525	15.4461302	15.48864354	15.80454449	15.80261986	15.69506241	15.5768386	16.04685543	14.85921445	15.75771033	15.81155783	15.3662539	15.42765331	15.60554607	15.82629027	15.6403325	15.20408201	14.67751044	15.79102295	15.71111575
5.689299161	4.832890014	5.452858965	5.368069877	5.329123596	5.581953751	5.157852169	5.593951284	5.44625623	5.593951284	4.760220946	5.346956889	5.432959407	5.560714954	5.133399125	5.213347282	5.083213368	5.797012978	5.478971805	5.638073837	5.314696526
16.99975453	17.31852427	17.17761419	17.25989954	17.49962014	17.44178435	16.91316641	17.23657763	17.44679254	16.74700759	17.2991132	17.16757103	17.15740615	17.27379833	16.99574618	17.2766297	16.99990534	16.87868679	16.07522843	17.0821584	17.31054267
15.62980056	15.08529402	15.34955769	15.32921822	15.50023814	15.7637622	15.27327474	15.81778812	15.78938081	15.39178061	15.40274229	15.62752533	15.44063237	15.77544567	15.05376471	15.3927635	15.13307798	15.63912587	15.21473651	15.77042903	15.28460725
11.76254814	9.501240084	8.686150316	9.84439193	9.101450482	9.107217076	10.7006998	10.54670157	9.186361891	10.3446288	9.280306806	9.852685552	9.038095925	9.799281622	9	8.870672955	8.60659028	12.30083872	9.349391818	10.11595399	9.680711143
16.66588132	14.71367649	13.70103566	14.41622355	14.15731535	15.55405218	14.85291959	15.45017058	15.83059195	14.63176252	14.80511407	14.98774809	14.6866756	15.51590923	13.74487587	14.36761951	14.68497868	14.95277309	14.12852605	15.31731721	14.5307599
8.427941333	7.11997861	8.468013034	8.384999545	7.908692838	8.886001351	8.468827655	8.60659028	8.454504938	8.042753761	7.841092545	7.658925511	8.516881891	8.919161284	7.563768278	8.235056863	8.321928095	8.410663341	7.834154981	9.47370575	8.070389328
7.057450272	5.773468928	6.355791547	6.534497434	6.510961919	6.783980414	6.263034406	6.799605422	6.525129251	6.62058641	5.928370323	6.266786541	6.456149035	6.645298164	6.221103725	6.296457407	6.224966365	6.966937979	6.45779126	6.87036472	6.266786541
14.26313713	14.74725941	15.18314298	14.74618363	15.24649939	15.09394569	14.90809703	15.32224154	14.86583474	14.99093271	15.18750286	15.29377697	15.05499851	14.66849723	14.87693895	15.08048446	15.06984412	14.42139426	15.00371554	15.00108707	14.96234477
15.41803376	14.88769185	15.84963722	15.30132471	15.2644536	15.60530299	15.70590233	16.32268341	15.3784134	15.27207205	15.03399504	15.31439206	15.2870991	15.47483717	15.16527211	14.17404401	15.84289047	15.96979346	15.91240521	15.37190934	14.69790693
17.25072958	16.82147879	17.14391528	16.98980581	16.82172666	17.25482379	17.22257324	17.61884717	17.29569989	16.90305569	17.06109796	17.2388348	16.87991225	17.24240005	16.68777616	16.48691985	17.05112927	17.42947131	17.19905115	17.15326305	16.71072708
14.58453977	14.85686804	14.47151011	15.21482376	14.91815513	14.7198273	14.53591322	15.73540794	15.60503671	15.45127552	15.50165373	15.42122988	15.92662031	14.98954972	14.6821003	15.61248843	15.3340358	14.53807978	15.56774222	15.04468014	15.24600199
17.33910536	16.52907362	17.08913181	17.200527	17.07301601	17.19300069	17.36805879	17.56516308	17.07053818	17.48778588	17.12133925	17.22818455	16.31032343	16.50431934	16.99919737	16.08912147	17.19223598	17.82305184	17.23197395	16.59546438	16.79977868
15.09610567	13.38625321	13.64082109	14.468204	14.55410316	14.71911604	14.0764983	15.50601309	14.43588509	15.04385608	13.84481363	14.7754251	14.67740033	14.9730067	12.576319	13.39487797	13.31724301	15.88933997	13.29220658	14.36383361	14.56165788
10.24697806	9.298520857	9.585150339	9.71183902	9.647458426	10.23517656	9.548821908	10.36697784	10.05433298	9.833680749	9.50779464	9.732845782	9.893908215	9.931771686	9.365884968	9.6231499	9.453887918	10.22665302	9.497452696	10.44169926	9.43837603
8.085339669	7.084276911	7.464341533	7.677367292	7.40599236	8.029563314	7.386293635	8.034523875	7.748863715	7.827819025	7.524345816	7.50779464	7.64096791	7.982993575	7.240314329	7.424586226	7.855491443	8.146695948	7.518849829	8.306973057	7.332707934
7.970968661	7.140574178	7.394891366	7.581200582	7.489446599	7.949534933	7.358431429	7.965784285	7.703211467	7.672425342	7.227856573	7.532940288	7.593951284	7.985272714	7.209453366	7.405141463	7.297374861	7.92243574	7.435461914	7.97441459	7.38024459
9.488442705	8.569096095	8.740118043	9.084542674	8.793765857	9.416375317	8.855802872	9.499048598	9.132371199	9.086136225	8.77939106	8.959712205	9.12541347	9.516881891	8.508190931	8.772149591	8.721099189	9.537024216	8.74348804	9.651948611	8.703557562
11.35595668	9.490249211	10.10865513	10.16691625	10.60019169	11.10059664	9.253847485	10.62488682	11.60867066	9.677191085	11.24299542	10.35557134	10.05975004	9.266083758	10.86913112	9.680183682	11.27385387	10.75079072	8.9795681	10.61608931	11.0601555
9.481597642	8.6231499	8.557655155	8.6727789	8.609178738	9.222311912	8.608439653	9.783816759	8.976420921	8.828136484	8.635536752	8.754553506	9.032321287	9.001689668	8.113221243	8.464749939	8.379811544	9.653382523	8.601027897	9.461888664	8.611393726
7.154818109	6.320123598	6.659639187	6.809928866	6.687900522	7.151777655	6.605849867	7.184875343	7.008988783	6.898450233	6.424586226	6.692092375	6.768184325	7.109569509	6.426264755	6.721099189	6.562242424	7.193771743	6.605849867	7.245077275	6.659639187
7.086401646	6.125155131	6.478971805	6.662490364	6.412781525	7.112700133	6.58044702	6.927185358	6.783980414	6.820178962	6.526694846	6.525129251	6.692092375	6.820178962	6.477353527	6.339850003	6.575917361	6.985272714	6.362820526	7.010108453	6.325530332
14.77980142	13.70359	14.96420547	15.05831734	14.85405995	15.17720539	14.09103862	14.13711923	15.1382478	14.79476614	15.01993816	14.40081941	13.47972975	15.04048666	14.74030254	14.84129406	14.76561244	15.16650833	14.2885489	14.44417372	14.47176411
11.45963653	10.92027841	10.46536233	10.62250945	11.36210821	11.96996205	11.40652392	11.39927792	11.99424735	10.87082705	11.15000109	11.56114472	10.66373598	11.26719634	10.88455213	11.42736523	11.24519615	11.31520618	10.99343378	12.05103896	11.37861999
17.31315584	17.52085651	17.66702559	17.47469935	17.73561552	17.72883195	17.24596858	17.53159849	17.91778172	17.03151168	17.4679255	17.46717407	17.46439179	17.64081897	17.1790324	17.52632118	17.38400713	17.30350608	16.93100754	17.55240493	17.61657828
15.54156251	14.65165157	14.67458953	15.27863457	14.74381935	15.65676561	15.28876156	15.85082901	15.48548029	15.02311758	14.87582133	15.39634054	15.41835007	15.78387557	14.50147647	14.86219177	15.09550829	15.71465605	14.99223469	15.89230326	14.70442244
17.78533752	17.91013676	17.91080901	17.84515127	17.95235279	17.94671441	17.80678497	17.86483058	17.99372068	17.58840209	17.84850558	17.84383397	17.82566565	17.95823551	17.66875067	17.80508824	17.84461444	17.66224765	17.71869474	17.85573536	17.78957631
11.36746936	10.25349297	10.61682449	10.84423499	10.66879636	11.38256999	10.62707784	11.35903572	11.08752914	10.7925463	10.63997373	10.81514309	10.95920504	11.39981196	10.45182928	10.65687173	10.48311038	11.38267806	10.48391652	11.48874395	10.40577968
15.28286762	14.59129442	15.81575103	15.38590957	14.95385087	15.38958429	15.59144638	16.09961492	14.97292147	16.00285676	15.33219044	15.55641924	15.33847874	15.32768947	15.38693688	14.57197775	15.14443918	16.51158898	16.13755956	15.00650579	14.6293737
8.151270289	7.28169825	7.62058641	7.665335917	7.535275377	8.023477152	7.558420713	8.044940491	7.964052011	7.960581211	7.4749227	7.683696454	7.701133155	7.928962441	7.340740281	7.539158811	7.348728154	8.179411523	7.599912842	8.05202456	7.495055528
14.84094016	12.94946198	14.11017334	13.56973696	13.23835995	13.65596669	14.16110038	15.01013031	13.16020234	14.41836654	11.53386505	14.64333199	14.92763909	14.55117953	13.8994891	13.58970966	13.50166306	13.88215583	13.68161178	13.02075428	12.2317012
8.175424799	7.231701199	7.847996907	7.793115555	8.537218401	7.304693557	8.145677455	7.267723052	7.912290583	7.941341105	6.632268215	8.783653086	8.055282436	7.142617655	7.348728154	7.062855655	6.773468928	7.358431429	7.574404309	7.420381341	7.290940402
8.038918989	6.812498225	7.226893814	8.001126665	7.554588852	8.553437306	7.098032083	8.972118218	7.53838296	7.540709263	6.963474124	7.86913112	8.345183447	7.513332824	7.001126665	9.443565213	9.344739746	8.073606041	8.612499946	7.678776174	7.110613806
7.776762002	6.704595348	7.174925683	7.339850003	6.987548259	7.417008587	7.636624621	8.079484784	6.97384084	7.453682186	6.981852653	7.375039431	7.257387843	7.576673293	7.184875343	7.004501392	7.146695948	8.070389328	7.452035274	7.698357406	6.953032377
11.85677565	9.770829046	9.710117632	10.80025281	10.37818646	11.19327894	9.924960921	11.41943355	10.77840572	10.28967311	10.4629112	10.52845411	10.09288925	11.53707276	10.09763713	10.42992974	9.60659028	10.66151091	9.494455614	11.07099301	9.331588785
17.78202942	17.92510295	17.90200525	17.76890087	17.77949366	17.71128719	17.61712664	17.84278982	17.79180898	17.66669627	17.1721374	17.77755328	17.9665077	17.65883419	17.63550558	17.78685221	17.76499013	17.72087215	17.74664946	17.52252406	17.53750205
12.13111742	11.42992974	11.23828531	12.01496196	12.00993356	11.68198505	13.17707689	12.95375995	12.11208107	12.59420795	11.87159727	11.98737061	11.99385831	11.84541164	12.32206898	11.16220248	11.52199296	14.43674407	11.37759014	11.71724801	11.74840253
7.664625055	6.708739041	6.791814071	7.199672345	6.95070169	7.617651119	6.938991439	7.696272084	7.161887682	7.158862106	6.714245518	6.966937979	7.169925001	7.674545394	6.653919873	6.826548487	6.916476644	7.526694846	6.912889336	7.676662335	6.962317655
10.02583167	9.399384747	10.07226662	9.807837886	9.6121313	9.874059203	9.755889026	10.19647918	9.759555343	9.822252144	9.460046273	9.425215903	9.585525943	9.925851108	9.266318057	9.45532722	9.425215903	10.12295738	9.501439145	10.32856274	9.648177796
8.615813525	7.824004051	8.177917792	8.306973057	8.158862106	8.742477867	8.136991112	8.831307244	8.598796925	8.802839441	8.071998581	8.34251919	8.356672044	8.686150316	7.846117173	8.173926932	7.971543554	8.893908215	8.43629512	8.755555262	8.1017131
11.54983279	10.58983838	10.97713679	11.24721548	10.9789964	11.64132926	11.00154894	11.67450126	11.471472	11.18803243	10.93730025	11.13108526	11.23343993	11.73859897	10.66613522	10.99992955	10.75513795	11.69974595	10.89056829	11.7770909	10.733778
9.106693791	8.074676686	8.21916852	8.659639187	8.287250643	8.937815169	8.357552005	9.114262901	8.595443985	8.63008507	8.16540952	8.406842755	8.649615459	9.059885201	7.97384084	8.180903709	8.238404739	9.079484784	8.329123596	9.183883459	8.217715411
8.409390936	7.735386783	7.947783026	8.169925001	7.936637939	8.281234585	7.902676587	8.33136485	8.243650042	8.124638314	7.789859641	7.925406083	8.071462363	8.263034406	7.795715007	7.923030298	7.795715007	8.392317423	7.92659251	8.229299509	7.856114234
6.147713722	5.057450272	5.596935142	6.123086751	5.626439137	6.070389328	5.416164165	5.94016675	5.87282876	6.048759312	5.263034406	5.539158811	5.736063628	5.986410935	5.465974465	5.623515741	5.442943496	6.135452784	5.773468928	6.167919866	5.569855608
7.151777655	6.167919866	6.61176256	6.827819025	6.619119511	7.094869433	6.412781525	6.953032377	7.001126665	6.882643049	6.375039431	6.587964989	6.745506266	7.007868243	6.444600814	6.616181231	6.483815777	7.213347282	6.638073837	7.220136447	6.678071905
17.2680942	17.56163849	17.81998694	17.92640546	18.08322947	17.63759564	17.19894088	17.86626652	17.64108931	17.75046558	18.05435471	17.99675427	17.86207491	17.76641244	17.92653229	17.85259717	17.66188663	17.68411097	17.68656003	16.84410501	17.73676261
16.57960026	15.60817106	13.21801826	15.44175112	14.50836427	11.60742279	16.89056829	15.82870426	13.12962111	15.72522511	15.05596023	14.61790361	13.22996037	14.81123921	14.68960493	13.05265295	14.78766284	17.58450601	14.69352507	15.27447644	15.21718527
13.65385272	13.61690488	12.80538114	12.95853459	13.70806003	13.45347642	13.51571216	13.98850718	13.48188771	12.73415919	13.55975946	13.50447143	13.85697013	14.10099078	12.09434165	13.12112875	12.99696772	13.28583566	12.73807114	13.6780609	13.51807527
12.16006049	11.67749943	11.92888844	11.90801726	11.88626815	12.21264837	11.86982515	12.42350989	12.26681582	12.18849612	11.90873036	12.16009201	12.00933877	12.29874995	11.55002526	11.87636346	11.61139373	12.45177777	12.02247185	12.40862165	11.81309976
10.13442632	9.185618809	9.084011098	9.749534268	9.267254872	9.876056438	9.453270634	10.23828531	9.573647187	9.552476982	9.137247341	9.434419731	9.551516018	10.11673383	8.845803646	9.14822234	9.354249382	10.07427529	9.251719093	10.36654079	9.244125943
5.083213368	4.078951341	4.842978832	4.727920455	4.842978832	5.205548911	4.491853096	5.091699834	4.935459748	4.963474124	4.240314329	4.392317423	4.64385619	4.867896464	4.711494907	4.711494907	4.797012978	4.727920455	4.897240426	4.797012978	4.837943242
11.53789784	10.50263294	10.7645399	10.88531506	10.87782092	11.53464333	10.77832358	11.55175632	11.40806432	10.97448629	10.73411684	11.02368506	11.12489675	11.31061278	10.51106078	10.86294725	10.62406433	11.4419067	10.57118379	11.74117201	10.64709861
12.59194303	11.55645816	11.83837668	12.09014551	11.8936049	12.59737753	11.8366027	12.59343781	12.35460753	12.03593314	11.81169579	12.00919879	12.20417374	12.49777701	11.71776209	11.92973923	11.70640968	12.61203912	11.71471775	12.80118291	11.60167795
15.70760988	13.6120276	13.1552926	14.05349321	13.44978059	12.97369737	15.33392752	14.66382492	13.22928449	14.87643541	13.96344703	14.27099606	13.1983683	13.51988192	13.17258377	12.49335512	13.30415165	16.22945724	14.44805176	14.25902968	14.01795669
7.088523257	6.093813673	6.616181231	6.765534746	6.824004051	7.147713722	6.388878339	7.076815597	6.881419908	7.125155131	6.395748328	6.54689446	6.701826258	7.038918989	6.264911693	6.537606691	6.48058827	7.091699834	6.829088444	7.016808288	6.515699838
9.16817066	8.905387005	9.075746538	9.114002557	9.077082738	9.182394353	9.007587972	9.267020725	9.202858456	9.200162974	8.996897126	9.086667018	9.102500669	9.211401637	8.978138415	9.046578367	8.992655149	9.299665944	9.09117089	9.24055285	9.069852511
7.410239331	6.548436625	6.892391026	7.136478518	6.998872454	7.423746229	6.722466024	7.565292521	7.223036338	7.160879862	6.696272084	6.994353437	7.116863758	7.48703608	6.6794801	6.864186145	6.817623258	7.472487771	6.961160258	7.514911265	6.910492832
8.339404658	7.437127844	7.696967526	7.927777962	7.731997787	8.256916297	7.723148957	8.383272283	8.063395081	7.998872454	7.592457037	7.866660751	7.994353437	8.344295908	7.475733431	7.693486957	7.562242424	8.355351096	7.729960561	8.361066489	7.673132372
8.489045125	7.644577357	8.095397023	8.201143732	8.159871337	8.683345562	7.846117173	8.500642736	8.452035274	8.366759328	8.323279988	8.296916207	8.134939643	8.8008999	7.76420813	7.933100475	8.282161767	8.522385366	7.888743249	8.753551055	7.988116585
6.635173947	5.169925001	5.652486495	5.812498225	5.725195817	6.102238194	5.43629512	6.746850183	6.006746832	6.100136671	5.266786541	5.608809243	5.64385619	5.887525271	5.504620392	5.669593751	5.783980414	6.193771743	5.815063017	6.187846909	5.5360529
9.649615459	8.92659251	9.268892836	9.239121132	9.343407822	9.73386272	9.187599513	9.926888964	9.730300298	9.67930415	9.208722085	9.649076503	9.464954099	9.884475819	8.892694591	9.2632692	8.961160258	9.884170519	9.375908263	9.798147746	9.19451064
8.408117408	7.416164165	7.577428828	7.997744026	7.602142091	8.607330314	7.678776174	8.59058705	8.101187815	7.903279342	7.765534746	7.876516947	7.9489512	8.621319301	7.499845887	7.556122818	7.701826258	8.319220503	7.515699838	8.452858965	7.499048598
8.35974956	7.333602628	7.651051691	7.945443836	7.658925511	8.261624836	7.70528679	8.411087227	8.185371029	7.977852308	7.561478892	7.899659026	7.921245889	8.335390355	7.427103287	7.652486495	7.648896806	8.286788759	7.664625055	8.430034319	7.62935662
13.77616569	12.94584615	12.06830805	12.66859695	12.29177505	12.15816785	13.61771998	13.20936198	12.23128119	13.41810296	12.70880369	13.23221104	12.06305796	12.42547819	12.24329301	11.94573644	12.11410019	14.39345079	12.52081509	12.65611198	12.69887827
15.06527307	13.82459086	11.40732088	13.49656671	13.08512386	10.68422263	14.98776141	13.94313749	11.34778744	14.06934906	13.46836949	14.16635926	11.53108899	12.98416921	13.35189164	11.76134346	13.3224352	15.83581357	13.0153802	13.0214485	13.81450236
13.06588731	12.64862722	12.91899364	13.49926042	13.38878419	13.66175583	13.36801529	13.5337434	13.5125553	13.27824617	13.33973868	13.44360406	13.33470625	13.09434165	12.92579549	13.17489448	12.97996102	13.17427033	13.29589805	13.72606911	13.31126582
11.55650605	10.58552594	10.83581357	11.02111879	10.83549779	11.5667676	10.84995236	11.57161045	11.33455263	10.98648204	10.8015467	11.00905879	11.13884774	11.53818893	10.64889681	10.88737295	10.64385619	11.51634024	10.69896506	11.69931217	10.68246796
13.60380018	12.97505979	12.93105141	13.27060194	13.03890185	13.69472787	13.55454089	13.75858759	13.48760141	13.52042225	13.07950145	13.13248366	13.22761594	13.58067077	12.73684583	13.00741278	12.68604086	14.06709819	13.25609072	13.59523417	12.99918967
9.545350645	8.503030646	8.40599236	9.087993146	8.659282393	9.117902789	8.77807713	9.716133525	8.789859641	8.957682486	8.483009577	8.853309555	8.97441459	9.462093229	8.177419538	8.482202926	8.55228484	9.508587112	8.677367292	9.671364147	8.645658432
7.683696454	6.94602899	7.157852169	7.412781525	7.356672044	7.802193217	7.354910512	7.841721581	7.729960561	7.677367292	7.153805336	7.187846909	7.355791547	7.563005553	7.075746538	7.231701199	7.165911939	7.746850183	7.290018847	7.841721581	7.14974712
14.23052337	14.31004468	14.5535213	14.66540809	14.70312493	14.94649511	14.55426507	14.46209323	15.10669379	14.38963806	14.76576264	14.74583711	14.50119031	14.38461514	14.43099477	14.54818373	14.58136537	14.66980963	13.59256215	14.63606946	14.70759101
9.977995369	8.891783703	9.143128073	9.607330314	9.206770189	9.976850486	9.182890893	10.00674683	9.52160044	9.423746229	9.144148367	9.298291731	9.569475902	10.05514684	8.911991114	9.162643086	9.076281167	9.929258409	9.141596278	10.13005568	9.007868243
14.88627768	14.33840909	15.60400007	15.50199575	14.54285655	15.01243686	15.31738435	15.78775975	15.28437951	14.92018535	15.37701052	15.48606194	14.77852379	15.7762531	15.3404969	14.64859352	14.9695619	15.78159792	14.858996	14.94361828	14.90122989
10.14134082	9.17990909	9.457586084	10.61902778	9.582706527	10.085738	9.47045552	10.16113188	9.900414008	10.01122726	9.524345816	9.687200695	9.783325685	10.18685707	9.262799573	9.460865404	9.299436999	10.32181538	9.561096974	10.21807883	9.412993173
14.08492462	13.76255852	14.86707116	14.70119273	14.10527015	14.82810673	15.01356694	15.69478771	14.20838679	14.64265532	14.7793295	14.67890819	13.71778351	15.32715613	14.95668924	12.77760464	14.52214012	15.25837096	14.56209929	14.27033913	13.92068781
10.99130925	9.663735984	10.13481133	10.51983279	10.14860369	10.75371818	10.15974522	10.85969007	10.40301202	10.33069284	10.12308675	10.29886448	10.43066162	10.94851325	9.923030298	10.15936681	9.963907561	10.82535634	10.05202456	10.94865925	9.873444113
11.1917995	10.15519772	10.95230444	10.96079838	10.66799854	11.44821957	10.48904513	11.27606623	11.3877481	10.63825489	11.0175044	10.99180526	11.05467214	11.2227949	10.79952448	10.8068718	10.37427877	11.18189764	10.48381578	11.6534721	10.62122771
15.16059629	14.54454189	14.55199057	14.47302076	14.74421892	15.49868095	15.3488215	15.60702394	15.91711563	14.77969371	15.03702781	15.22350777	15.2647981	15.19583355	14.80036405	15.40630467	14.56689838	14.83397222	14.7413037	15.75893106	14.71662657
14.99102132	14.19430286	13.93433589	13.77296401	14.09627042	15.30279598	14.84217353	14.73794443	14.98371955	14.37495795	14.84429875	14.71966689	14.55801406	14.70649062	14.03975872	14.61654884	14.26301973	14.23078603	14.05914163	15.17607573	14.02450773
13.2227949	12.57016405	12.51629099	12.94601071	12.63626209	13.43072695	12.83804176	13.26766454	13.17992464	12.85219786	12.87282876	12.76630114	13.05809322	13.31611179	12.55956829	12.58683979	12.74554828	13.09343407	12.37150441	13.45723978	12.36038074
7.677367292	6.548436625	6.817623258	7.28169825	6.948367232	7.529820947	7.123086751	7.553821257	7.151777655	7.313790025	6.791814071	6.95419631	7.130313146	7.529820947	6.666756592	6.897240426	6.809928866	7.756222713	6.992088609	7.689997971	6.891176125
10.39820926	9.797823617	10.37721053	10.4249011	10.25467435	10.68290683	10.00506308	11.27426166	10.10904708	10.37362646	10.3022962	10.60575729	10.50898318	10.80630794	10.02693835	10.10904708	10.10341896	10.7613019	10.27961058	10.91528187	9.626074036
16.92278298	16.66176557	17.191998	17.09419008	17.05885107	17.03380475	17.24608831	17.49804747	17.00528791	16.7314861	17.3067693	17.21748539	16.78381292	17.24448462	16.864116	16.569556	17.19080369	17.05871581	16.54525712	16.79962313	17.17758013
8.932510053	8.339404658	8.453270634	10.09539702	9.026246773	8.652844973	8.562624039	9.238404739	8.908692838	9.62516088	8.726218159	8.677719642	8.511752654	8.315602457	8.50422312	8.226893814	8.336283388	8.851749041	9.288635409	8.95942242	8.459841417
9.044394119	7.965207091	8.797012978	9.910342919	8.801869996	9.020424415	8.457380879	9.174176684	8.67030217	9.850968151	8.617283788	8.67912818	8.671364147	8.87835751	7.991521846	8.197708158	8.066627409	9.380461065	8.481395824	9.185123207	8.56414949
7.610286657	6.601399391	7.088523257	7.208478242	7.076815597	7.568336182	7.01234519	7.497452696	7.425425735	7.370687407	6.929554316	7.093813673	7.208478242	7.507001733	6.850499414	7.092757141	6.860466259	7.600656308	7.094869433	7.578183968	6.95419631
10.39831616	9.28701972	9.635536752	9.687025685	9.551131453	10.28678876	9.624247146	10.39167322	10.20065344	9.902073579	9.660530785	9.833680749	9.873751691	10.29450588	9.403864177	9.573457845	9.357552005	10.3373989	9.453476425	10.31027195	9.416375317
6.761551232	5.961160258	6.21916852	6.419538892	6.272396509	6.721099189	6.12722055	6.791814071	6.54225805	6.517275693	5.951867504	6.392317423	6.355791547	6.613236955	6.175923742	6.261154673	6.226893814	6.749534268	6.383704292	6.6794801	6.249824549
8.95419631	7.320123598	7.966937979	7.988684687	7.521207816	8.449561375	7.634448062	8.413204789	7.99830835	7.916476644	7.525129251	7.6387979	7.747521673	8.141085319	7.475733431	7.596189756	7.654636029	8.493054842	7.655351829	8.278914019	7.434628228
16.2237472	14.6396516	16.36935708	15.24363517	15.49035264	15.83203702	16.14817864	16.49168402	16.51839498	16.35918161	16.42536017	15.90686946	16.68000919	15.30236404	15.74512544	15.42041095	15.3597324	16.62542204	17.12371829	16.53766584	15.96398656
10.63517395	9.381326639	9.543805176	10.1221809	9.647638302	10.45820152	9.737416366	10.93899144	10.01234519	10.00422047	9.665691217	10.08148344	10.00730765	10.7216119	9.03562391	9.376993567	9.558229362	10.60649775	9.572700226	10.8492487	9.522189175
9.544771288	8.55880334	8.829088444	9.010108453	8.927777962	9.601585101	8.873136469	9.613052738	9.336283388	9.171677212	8.774128144	9.009548727	9.146950459	9.520815086	8.613973587	8.910792613	8.719046504	9.516093963	8.800576389	9.731997787	8.698704667
10.91004304	10.14465824	10.25656254	10.54535064	10.45296189	11.10538475	10.28713519	11.23493715	10.73310008	10.40311857	10.32845054	10.56662491	10.67375074	11.18729021	9.992371907	10.32192809	10.27496047	10.87290569	10.17667183	11.2025524	10.26209485
7.344295908	6.399171094	6.697662633	7.36719631	6.77478706	7.304693557	6.62935662	7.520422249	7.010108453	7.346070441	6.543805176	6.929554316	6.900866808	7.417852515	6.766860144	6.584962501	6.633721813	7.903881846	6.778734244	7.447909749	6.956521363
7.510170751	7.047669251	7.114783447	7.21916852	7.240314329	7.588714636	7.169925001	7.726558779	7.389738879	7.497452696	6.987548259	7.214319121	7.21042783	7.535275377	6.984133595	7.125155131	7.206526016	7.559185866	7.183883459	7.558420713	7.272396509
11.43702378	10.27717114	10.65239686	11.07921809	10.70727284	11.40912571	10.61323695	11.42511098	11.07601388	10.77214959	10.68115055	10.81562346	11.09011242	11.59273733	10.43045255	10.7026056	10.52493343	11.4111402	10.52493343	11.66578003	10.47126876
6.387155718	5.472487771	5.974988112	5.984133595	5.911691582	6.350497247	5.672425342	6.421223299	6.026800059	6.207502459	5.255500733	5.725195817	5.906890596	6.287250643	5.708739041	5.842978832	6.251719093	6.28169825	5.862947248	6.279842694	6.033423002
14.73904748	14.73631208	15.8882343	15.02697724	14.82802737	14.71909465	15.56217981	15.83797526	14.60968664	15.85673189	14.53742469	15.22144363	15.37886041	14.98584638	15.99952663	14.63298952	15.75863964	15.84449737	15.03997714	14.90726155	14.57698028
11.81798293	10.88744911	11.46321782	11.62136509	11.11614899	11.85638662	11.39676531	11.90873036	11.43879185	11.20841728	11.37302825	11.59623635	11.69579377	12.14736394	10.80187	11.42642202	11.3248556	11.66569122	11.56957084	12.17033195	10.9918761
13.9231046	13.09855852	12.61528478	13.43404175	12.84580365	13.41047785	13.28901022	14.34805035	13.26140447	12.98286883	13.71098934	13.80611659	13.3694474	13.71381608	12.62264672	12.9665415	13.05217744	13.26096363	13.47622725	13.67303297	12.66422504
9.694357887	8.647458426	8.962028393	9.403225109	9.048759312	9.796364138	9.018200179	9.714073758	9.472893878	9.163398094	8.951867504	9.062585867	9.289096702	9.758389798	8.8008999	9.041932882	8.87774425	9.677014857	8.943686952	9.868976845	8.827819025
5.311067102	4.070389328	4.897240426	5.040015679	4.776103988	5.346956889	4.578938713	5.193771743	5.017921908	5.177917792	4.596935142	4.66106548	4.944858446	5.06608919	4.666756592	4.776103988	4.770829046	5.318316841	5.108524457	5.217230716	4.760220946
15.27856924	14.20266718	15.73588123	15.08477102	14.99638963	15.45338961	15.59712725	16.43896075	15.6848883	15.42220934	14.65602816	15.72599991	15.25153789	16.19806321	15.02179114	14.21208595	14.83198013	15.93164936	15.07745832	15.83286777	14.42796097