        tsp        |  l_spanning_tree  |    l_2_closest    |    l_1_closest    |  u_spanning_tree  |   u_greedy_path   |     combined      
     2179.71110          2023.99450          2045.63530          2017.08480          2215.97030          2226.30830          2130.80280     
     2250.03390          2135.55640          2148.52820          2128.31130          2281.04900          2292.51610          2214.78860     
     2206.39360          2065.22850          2083.70940          2058.57740          2243.12450          2248.36020          2163.41690     
     2241.95570          2114.09050          2131.47800          2107.91700          2271.01150          2280.70560          2201.24480     
     2204.40320          2071.39930          2090.35880          2064.11290          2239.32020          2252.35310          2164.83950     
     2241.25590          2116.07200          2130.02410          2106.77790          2277.78840          2290.22960          2203.90620     
     2264.49930          2135.84560          2153.56450          2129.29250          2296.53040          2303.53750          2225.04740     
     2170.88820          2073.61140          2086.36850          2064.83770          2207.47830          2214.95620          2146.92340     
     2210.53740          2070.11020          2081.81990          2061.80130          2245.87620          2257.83910          2163.84800     
     2218.50960          2067.80170          2088.04020          2060.67720          2255.38090          2265.11010          2171.71060     
     2230.49710          2071.54810          2090.79770          2064.91110          2268.52070          2281.55290          2179.65920     
     2247.46840          2111.03810          2130.53710          2104.04730          2281.73060          2288.64120          2206.13390     
     2247.59260          2104.05640          2122.37410          2097.10350          2271.40660          2290.24230          2196.89040     
     2176.79090          2076.96940          2090.66980          2071.27490          2203.67000          2217.57120          2147.16990     
     2208.58770          2071.94860          2090.76500          2065.78170          2251.40590          2257.83820          2171.08550     
     2230.73280          2067.15230          2087.60200          2059.72760          2271.41440          2289.19960          2179.50820     
     2247.19810          2070.33300          2095.94970          2064.84780          2283.27190          2294.49970          2189.61080     
     2231.49260          2084.48790          2099.11650          2076.87740          2269.79050          2277.03470          2184.45350     
     2198.01970          2063.16360          2082.02330          2056.31330          2234.46650          2243.09060          2158.24490     
     2218.23540          2078.43330          2091.52910          2071.28990          2251.91730          2257.12310          2171.72320     
     2206.75700          2048.07390          2072.96130          2042.81380          2243.95080          2253.19490          2158.45600     
     2229.05680          2076.43340          2092.89060          2069.98460          2266.17010          2279.50390          2179.53030     
     2210.57090          2065.97130          2082.34430          2059.21610          2246.00040          2258.30970          2164.17240     
     2221.03630          2048.33570          2072.96380          2042.36810          2257.14320          2273.14120          2165.05350     
     2210.39020          2092.97460          2106.18260          2083.98560          2242.77000          2253.47180          2174.47630     
     2239.63160          2069.24770          2092.94840          2060.94040          2273.96870          2286.97220          2183.45860     
     2244.71310          2079.43160          2100.72150          2071.91550          2288.89450          2290.53590          2194.80800     
     2206.15400          2090.23430          2102.37880          2081.50060          2240.72330          2243.92550          2171.55100     
     2213.72470          2078.26140          2094.44290          2071.33310          2245.64300          2261.54130          2170.04290     
     2209.89240          2049.88290          2069.90470          2043.70910          2245.75930          2252.78430          2157.83200     
     2173.63700          2035.30700          2053.72360          2026.09200          2207.87350          2217.77050          2130.79850     
     2188.84450          2076.06600          2090.01840          2068.06430          2219.12160          2232.48810          2154.57000     
     2251.85800          2107.90390          2124.52610          2101.17910          2281.91600          2296.33320          2203.22110     
     2202.59060          2056.47780          2077.31690          2049.58850          2237.09950          2244.46210          2157.20820     
     2211.46080          2006.21570          2034.85140          1999.47230          2238.30450          2249.43900          2136.57790     
     2202.75800          2048.13860          2063.94690          2041.45840          2240.89750          2249.26480          2152.42220     
     2206.51810          2055.02410          2072.08230          2048.64450          2244.70770          2260.03990          2158.39500     
     2230.24870          2101.07900          2118.53600          2093.52650          2261.06580          2272.12620          2189.80090     
     2239.92430          2111.92770          2125.86580          2105.41960          2274.16330          2282.18780          2200.01460     
     2172.20640          2043.84530          2060.95690          2036.99710          2208.13720          2207.19090          2134.54700     
     2198.98980          2069.64340          2081.25600          2062.26760          2232.26270          2245.83460          2156.75930     
     2231.27020          2099.66010          2114.41730          2092.05490          2267.89910          2271.76100          2191.15820     
     2222.82870          2075.47130          2096.68720          2067.65640          2254.81310          2265.14150          2175.75010     
     2227.58630          2083.18260          2102.16330          2076.85680          2259.72800          2269.92540          2180.94560     
     2169.88220          2002.30770          2028.74590          1994.88900          2204.37360          2226.58010          2116.55970     
     2215.70670          2090.58720          2108.51850          2083.22980          2251.46320          2259.91900          2179.99080     
     2231.92520          2107.38210          2120.74720          2100.97780          2254.28690          2271.37250          2187.51700     
     2226.88500          2100.54620          2116.33370          2091.07720          2259.40160          2270.71360          2187.86760     
     2205.95740          2055.54090          2073.90030          2049.47700          2242.76470          2251.54340          2158.33250     
     2204.17370          2103.76190          2115.40710          2097.18370          2240.26890          2256.11530          2177.83800     
     2217.33930          2078.95280          2096.21010          2071.59780          2254.67920          2266.69800          2175.44470     
     2207.41720          2064.64230          2082.54660          2058.72500          2242.15210          2257.93470          2162.34930     
     2233.02780          2109.32280          2127.39220          2103.12150          2263.17790          2278.50430          2195.28510     
     2229.00230          2057.46520          2083.56400          2050.45670          2266.70530          2283.60080          2175.13470     
     2210.24290          2086.95430          2101.22260          2079.44790          2238.08300          2247.69360          2169.65280     
     2236.99100          2105.77610          2119.36410          2097.09180          2266.99280          2281.23770          2193.17850     
     2217.88920          2080.20460          2099.19760          2072.08500          2254.79070          2262.06190          2176.99420     
     2204.56210          2045.87240          2060.82490          2037.64980          2241.21040          2247.65930          2151.01760     
     2183.45120          2035.03970          2051.21540          2026.46230          2219.33680          2237.39260          2135.27610     
     2206.66860          2057.88470          2078.55070          2048.55090          2245.54510          2258.35000          2162.04790     
     2213.51040          2065.72300          2083.68820          2056.76360          2252.05570          2262.10240          2167.87190     
     2210.70010          2092.59840          2106.25720          2086.67650          2241.68100          2250.78130          2173.96910     
     2205.05780          2089.35270          2104.30960          2080.11940          2239.55290          2251.66390          2171.93130     
     2230.47180          2089.96610          2107.39500          2080.74180          2261.96870          2278.58010          2184.68190     
     2226.90820          2064.55300          2090.36270          2058.04660          2263.62030          2277.37350          2176.99150     
     2215.89140          2076.88230          2093.61250          2069.84880          2244.74170          2259.56240          2169.17710     
     2222.18590          2061.92280          2080.54460          2053.01390          2262.70560          2277.00910          2171.62510     
     2220.22430          2103.20460          2114.49120          2096.62830          2246.66710          2256.54240          2180.57910     
     2219.60580          2075.14460          2096.62130          2068.01180          2249.52730          2267.17600          2173.07430     
     2181.59090          2059.02490          2071.92910          2051.72990          2210.17870          2227.57810          2141.05390     
     2225.10650          2079.13870          2098.68430          2072.41080          2263.12330          2274.63320          2180.90380     
     2247.96200          2109.10460          2130.89770          2102.48050          2285.64610          2294.46760          2208.27190     
     2195.17130          2037.45510          2057.99210          2030.98560          2231.58720          2239.72950          2144.78960     
     2240.46110          2063.52910          2084.03290          2055.18270          2272.83360          2277.70540          2178.43320     
     2206.70760          2070.74700          2087.99160          2064.22480          2240.50030          2256.37060          2164.24600     
     2235.32120          2065.89060          2084.44500          2059.23790          2266.14450          2275.94500          2175.29480     
     2215.50260          2071.27490          2088.49000          2064.13220          2246.78950          2258.36120          2167.63980     
     2202.38250          2048.64030          2065.60600          2043.02540          2236.69360          2257.39140          2151.14980     
     2190.75630          2048.77900          2065.12700          2040.54110          2225.39040          2231.07930          2145.25870     
     2219.45800          2082.74790          2095.94540          2073.09540          2259.31750          2267.29660          2177.63150     
     2210.68860          2053.76420          2073.66360          2047.40660          2245.00830          2254.96590          2159.33600     
     2223.66500          2098.55320          2110.14780          2090.26060          2261.66620          2266.28710          2185.90700     
     2207.43930          2072.65690          2089.30050          2062.94800          2242.26930          2262.16270          2165.78490     
     2237.50560          2096.99860          2112.68420          2088.58090          2276.30210          2284.49380          2194.49310     
     2194.48540          1975.81090          2009.63930          1968.03840          2223.00620          2234.73830          2116.32270     
     2233.87190          2128.77690          2143.39160          2120.23920          2265.43480          2272.62830          2204.41320     
     2203.78360          2086.77970          2097.58060          2079.32750          2238.52120          2250.21800          2168.05090     
     2230.08540          2110.55590          2126.23570          2102.70370          2265.49770          2278.88990          2195.86670     
     2203.33180          2072.62450          2092.89250          2065.36920          2234.13980          2241.41810          2163.51620     
     2184.99570          2061.68600          2074.09020          2052.74740          2215.99930          2225.44320          2145.04470     
     2230.80770          2084.36950          2102.75840          2076.38210          2266.52370          2271.98770          2184.64110     
     2203.25860          2077.92430          2091.71320          2071.09450          2240.95430          2248.76230          2166.33380     
     2238.30410          2121.32390          2130.78310          2113.99750          2276.87600          2286.09850          2203.82960     
     2196.16890          2060.65840          2077.85010          2051.67320          2226.02900          2233.31630          2151.93950     
     2198.23800          2056.07940          2073.63340          2048.15830          2235.60460          2243.86240          2154.61900     
     2232.75710          2083.76170          2102.61760          2076.14690          2265.36050          2275.52290          2183.98900     
     2245.02180          2107.22520          2125.87130          2101.30170          2273.43800          2290.99270          2199.65470     
     2255.48320          2115.27290          2134.60710          2109.34590          2290.68020          2303.79400          2212.64360     
     2225.30890          2094.59050          2108.15230          2088.12150          2266.31600          2275.91520          2187.23420     
     2195.02400          2058.09400          2078.83120          2051.15710          2224.11520          2236.10680          2151.47320     
