10 10
0.09716502821992978 0.8756574691859113 0.8078634531997189 0.3142966048435747 0.9310609789936558 0.4823401731368169 0.729212898968473 0.7193744715808561 0.7199825414990954 0.8332719646281117 
0.8604520395934254 0.7069587170641783 0.1515492311351364 0.1685958628373404 0.34771913958484135 0.9747605246414366 0.8864910988826267 0.5913734485426054 0.3790365504879383 0.705688844443911 
0.09996670328335011 0.8812134985252141 0.6589011913625171 0.21260966663545566 0.7937078199109808 0.8103111275772844 0.631206335398827 0.14322137826867987 0.563422711179934 0.7896802453283042 
0.5393597143538116 0.7130010014656888 0.2720572154610339 0.7125819481721458 0.5882819335384588 0.8916991688641529 0.7877469147206467 0.9303987900750135 0.845946776118678 0.6450576753251133 
0.2857743067881038 0.11571817976707666 0.0048900058510432665 0.6459356764501794 0.492498626502876 0.4780432674157308 0.3086522467590709 0.12353962379949279 0.40582978692537497 0.7108512465158663 
0.6504180547229839 0.4367662917959054 0.06684192803263267 0.343653150154665 0.28760384202081946 0.6463021814260294 0.42946420953224296 0.9232610944273296 0.31623412835602116 0.3352424595528505 
0.03217066643451438 0.1370366326897775 0.14927894599787983 0.09939004281807962 0.13877390578859305 0.3234739304223908 0.5832355199737405 0.9141497632748303 0.3667632499759915 0.09180551624029432 
0.683517977448307 0.01949907718534427 0.3592287996722239 0.014669226509842592 0.5306279916583543 0.09775675658313043 0.8330560056215056 0.4497666616843595 0.28401712978332483 0.4903106281255858 
0.618647860256439 0.15757278519421003 0.7121860812571359 0.2903479638257477 0.5493884058266004 0.8250476359851213 0.009444871217956896 0.8572490458219559 0.9994078454076732 0.7080001565353969 
0.27693243236398 0.6453335715559214 0.24084780473365286 0.9480556734632909 0.5068465332309466 0.28532897694765413 0.34105179665656893 0.32147321150938635 0.8002776525054265 0.5496710154902038 
