10 10
0.22604757724778302 0.4938459539659016 0.09795127237574153 0.13579925436451779 0.4165764337562493 0.671614626277303 0.4120694776631243 0.41937358999181606 0.024357522542150623 0.6618952023784987 
0.8224029758646295 0.45157841410759025 0.9872490409752723 0.04048410337362984 0.013288761309617314 0.5358796079371875 0.5369063655665928 0.2787592680961274 0.4052021628739496 0.26402709166868454 
0.0707334563392441 0.5688747934233683 0.8963027904320665 0.5194254583039494 0.10517360716642299 0.9524236992536577 0.8130859960090034 0.05735851256387425 0.9238689286365392 0.16562614441641 
0.6610478341304145 0.39058617454717703 0.9099436354601605 0.5223806646674953 0.6093097283644378 0.2927826334276553 0.10217111327070583 0.2642784773050665 0.5278253160470381 0.6513627181843001 
0.6965631362099186 0.81073267052041 0.05651305809052454 0.7504034497274574 0.9195111492694319 0.7240304659510151 0.7388650521480263 0.44444608888123827 0.03678911098231685 0.9747849116926512 
0.7136533525603685 0.6693634103640185 0.0866231187237142 0.6865563757160674 0.7961757151135271 0.3676917795702377 0.12027528392988363 0.32011759551191743 0.9810403403775997 0.6850353382431505 
0.8862147984023767 0.614379129396817 0.2001391772578761 0.8942182879214083 0.7204236189215588 0.6248749719424697 0.9584848254819427 0.9897437999344534 0.9650089157518991 0.7277199002725645 
0.3430383359015734 0.14599412234642006 0.6342777215602282 0.3959448558624201 0.14419864841010488 0.34474758316371634 0.5197051691337835 0.10185143362889681 0.6688736091048793 0.18921511992558682 
0.6104462716561103 0.10716992690410931 0.7164961446748602 0.3469647826087574 0.657555225123777 0.23042903510800017 0.989657095336583 0.816036671154111 0.906501828119357 0.8718408137132702 
0.8693680315237532 0.17697583752630108 0.4900018031757368 0.48152371261715154 0.20749950788181104 0.01724772947723885 0.11163009422722114 0.6146129526838594 0.8758594769501358 0.9510264178012117 
