        tsp        |  l_spanning_tree  |    l_2_closest    |    l_1_closest    |  u_spanning_tree  |   u_greedy_path   |     combined      
     8839.34570          8299.94590          8370.27710          8271.81240          8974.59650          9020.15380          8672.43680     
     8864.99090          8172.83540          8254.81230          8140.16060          9012.74390          9046.36800          8633.77810     
     8814.75280          8323.22520          8376.15110          8293.79900          8955.56020          8983.30280          8665.85560     
     8733.49230          8237.94540          8289.89450          8210.40720          8857.35550          8900.75710          8573.62500     
     8813.06560          8067.82440          8161.51320          8046.77590          9000.18740          9045.44970          8580.85030     
     8780.15760          8256.39400          8333.51120          8231.51420          8925.43040          8956.99110          8629.47080     
     8918.82310          8447.09140          8500.80540          8421.82270          9056.60980          9107.73100          8778.70760     
     8673.57290          8277.05180          8347.24260          8252.38600          8779.88880          8844.92070          8563.56570     
     8887.68430          8247.01150          8328.47180          8215.24160          9014.03740          9080.37400          8671.25460     
     9031.61530          8449.26810          8517.77070          8409.44100          9195.47900          9249.98210          8856.62490     
     9007.85920          8436.04580          8487.76810          8398.08010          9141.16970          9189.29830          8814.46890     
     8881.08840          8274.00710          8348.65910          8242.14750          9025.75180          9047.47900          8687.20550     
     8888.20030          8291.81110          8365.15780          8262.00120          8989.75550          9045.71660          8677.45660     
     8756.05460          8159.63080          8236.19820          8130.93830          8896.22330          8951.27830          8566.21080     
     8875.84650          8451.61330          8504.68950          8415.15820          9006.16140          9062.00300          8755.42550     
     9073.27710          8532.18770          8590.52980          8498.00870          9225.44610          9267.87430          8907.98790     
     8938.16690          8354.24710          8439.06980          8328.71390          9073.37410          9102.37300          8756.22190     
     8800.38570          8070.16320          8185.81900          8045.99520          8958.08780          9011.91410          8571.95340     
     8761.05860          8102.14600          8194.99120          8074.91060          8929.06320          8990.65160          8562.02720     
     8960.51570          8371.50580          8448.93020          8346.26750          9131.85640          9165.35560          8790.39330     
     8785.80910          8146.73800          8219.95780          8112.97120          8960.81640          8995.87340          8590.38710     
     8900.97030          8380.18160          8434.86450          8350.27140          9068.61180          9133.62850          8751.73810     
     8671.77620          7956.45420          8070.81790          7926.01060          8820.56500          8856.27420          8445.69140     
     8853.26300          8404.04790          8457.22270          8360.61400          8970.76500          9026.24900          8713.99390     
     9095.13830          8472.46050          8546.35540          8447.91900          9223.24020          9268.85770          8884.79780     
     8792.33970          8196.05770          8266.80860          8169.69540          8950.79680          8999.69200          8608.80270     
     8930.92550          8454.86490          8511.79310          8419.45710          9030.61850          9080.26410          8771.20580     
     8896.03030          8294.82730          8345.02660          8265.57050          9062.41120          9092.20040          8703.71890     
     8880.31550          8285.51090          8354.45320          8253.76820          9010.84200          9050.09740          8682.64760     
     8785.82080          8280.92400          8336.93070          8254.02850          8931.19250          8986.27880          8634.06160     
     8886.04490          8352.94800          8417.56050          8328.82420          9009.56600          9056.45420          8713.56320     
     8854.22270          8074.77760          8204.39290          8046.37420          9014.95100          9052.71350          8609.67200     
     8964.09030          8419.32060          8488.62630          8392.29630          9109.75450          9135.14650          8799.19040     
     8668.10630          8021.65520          8129.93070          7991.78310          8814.35990          8863.53200          8472.14530     
     8836.68350          8234.21020          8291.78150          8196.95270          8959.52420          9017.19650          8625.65280     
     8982.73860          8296.78160          8373.09160          8267.96260          9117.95500          9189.22730          8745.52330     
     9020.55940          8525.68740          8588.06510          8489.45490          9169.29110          9211.97760          8878.67810     
     8804.32200          8363.47240          8419.45070          8331.38860          8923.79140          8952.79650          8671.62110     
     8854.88820          8119.59050          8237.87590          8091.76260          8994.82200          9065.73050          8616.34890     
     8898.87480          8234.33660          8328.95050          8210.53530          9035.19810          9067.18530          8682.07430     
     8904.92000          8221.21000          8299.87500          8200.13290          9056.41180          9082.84370          8678.14340     
     8872.07600          8187.99180          8263.74290          8157.50200          9041.11620          9060.72120          8652.42950     
     8821.07140          8248.87670          8316.58380          8224.72260          8981.94860          9003.33030          8649.26620     
     8833.99450          8227.23480          8307.01960          8195.53070          8980.46270          9036.32530          8643.74110     
     8734.10000          8154.50970          8217.06880          8124.29830          8904.98280          8937.63440          8561.02580     
     8798.50700          8394.63680          8438.78180          8359.05340          8936.08200          8988.64540          8687.43190     
     8957.67470          8395.40990          8489.81370          8366.30010          9105.37460          9157.48050          8797.59410     
     8854.49960          8253.98340          8308.56610          8228.41770          9054.58080          9090.19210          8681.57350     
     8898.76390          8359.20850          8438.16850          8331.25760          9025.82820          9071.51360          8731.99840     
     8860.09990          8101.42450          8238.36390          8067.56990          9003.08530          9045.66550          8620.72460     
     8967.34490          8305.98920          8393.76480          8272.67650          9111.96110          9151.51250          8752.86290     
     8795.03180          7916.08950          8056.45810          7887.36140          8946.71330          8987.18160          8501.58570     
     8845.89700          8377.75290          8426.29120          8348.38670          9012.56530          9038.29440          8719.42820     
     9016.70260          8476.74470          8547.07550          8447.57470          9173.10910          9192.67710          8860.09230     
     8796.95540          8283.22650          8362.11690          8262.84350          8917.80120          8958.25530          8639.95900     
     8771.04620          8237.28560          8318.37010          8213.14580          8891.07650          8928.25840          8604.72330     
     8855.63800          8329.71440          8388.68450          8302.23760          9002.18800          9046.46880          8695.43620     
     8901.08640          8384.45120          8453.02150          8353.74820          9051.96420          9090.80320          8752.49290     
     8935.85380          8286.11290          8364.63030          8257.38070          9054.75670          9142.86690          8709.69350     
     8788.39340          8262.78090          8331.16420          8239.39600          8935.72390          8995.84000          8633.44410     
     8921.93270          8277.09850          8362.14520          8248.18220          9080.02730          9120.76340          8721.08630     
     8840.24900          8191.38190          8279.10660          8160.15050          8981.41630          9052.85910          8630.26140     
     8821.78740          8165.43300          8239.67420          8138.48160          8992.16170          9004.95660          8615.91790     
     9109.06440          8591.18410          8655.51900          8564.94880          9249.51940          9297.89220          8952.51920     
     9084.89500          8435.19110          8518.87390          8406.64210          9214.02140          9264.76850          8866.44760     
     8879.34820          8471.82070          8520.37450          8443.97320          8984.69220          9039.73030          8752.53340     
     8742.05850          8123.34300          8198.26050          8095.39670          8887.13990          8942.79200          8542.70020     
     8937.89030          8528.96150          8582.10920          8497.99860          9054.78060          9099.05820          8818.44490     
     8802.83380          8078.89940          8178.44080          8050.63520          8950.01040          8990.50600          8564.22560     
     8812.68970          8396.33690          8457.45580          8370.39310          8930.37840          8969.76790          8693.91710     
     8964.62070          8291.36290          8390.58750          8262.93960          9106.39980          9176.50850          8748.49360     
     8725.60760          8234.07150          8300.53270          8200.72060          8854.66100          8906.18620          8577.59680     
     8722.05350          8208.61780          8279.67570          8176.72260          8839.50200          8886.60260          8559.58890     
     8717.55660          8219.33620          8272.23560          8191.70990          8859.08910          8927.97130          8565.66240     
     8889.15080          8280.95300          8353.82170          8252.72230          9057.39950          9096.32740          8705.61060     
     8862.07860          8278.13960          8346.54460          8250.16560          9015.88980          9053.99600          8681.21720     
     8896.36910          8408.12680          8466.57080          8369.58770          9035.35580          9067.71810          8750.96330     
     8850.82480          8275.08430          8335.18810          8246.79720          8993.54130          9032.94650          8664.36470     
     9023.52610          8603.15160          8668.73660          8566.86470          9183.55420          9221.68340          8926.14540     
     8919.14180          8180.00600          8293.66450          8152.94400          9082.21820          9134.43260          8687.94130     
     8889.02390          8395.07230          8450.60810          8364.46030          9075.90380          9114.19310          8763.25600     
     8935.21570          8344.89680          8420.89800          8309.71410          9083.05650          9094.19050          8751.97730     
     9019.89480          8430.66490          8490.63030          8404.50080          9171.10350          9213.49830          8830.86690     
     8847.17870          8333.97820          8392.99090          8294.83810          8978.56590          9017.58000          8685.77840     
     8880.85440          8323.09370          8394.67820          8291.23800          9016.72400          9074.36720          8705.70110     
     8895.32460          8351.63540          8411.45670          8321.57370          9000.45930          9054.11590          8705.95800     
     8990.32340          8425.34960          8500.92480          8398.04370          9132.21450          9184.31690          8816.56970     
     9048.42070          8545.88110          8610.26510          8521.25890          9181.80880          9207.25980          8896.03690     
     9113.89400          8612.94080          8677.25640          8584.82970          9240.63040          9293.00720          8958.94340     
     8841.36160          8326.83430          8382.98670          8286.62380          8987.39460          9038.91110          8685.19070     
     8951.51990          8294.03440          8372.67990          8258.31860          9087.65500          9148.31380          8730.16740     
     8909.88030          8337.30330          8409.90880          8310.50420          9044.24310          9083.73570          8727.07600     
     8932.12150          8441.19850          8505.14490          8411.35590          9042.26180          9086.83570          8773.70340     
     8737.84960          8235.04070          8317.13240          8208.53640          8868.34810          8927.31370          8592.74020     
     8668.53810          8088.15360          8173.76870          8060.04180          8789.81350          8822.44570          8481.79110     
     8713.87060          8191.24610          8256.02590          8164.91290          8870.77270          8928.71350          8563.39930     
     8844.30880          8272.68230          8383.79680          8249.24300          8994.86210          9031.07130          8689.32950     
     8758.35890          8244.13100          8307.13840          8217.67060          8865.07460          8942.27090          8586.10650     
     8820.51190          8077.06100          8151.99800          8048.74700          8981.46880          9023.38350          8566.73340     
     8765.25270          8223.20600          8309.78410          8193.93470          8882.99140          8967.95000          8596.38780     
